timestamp,acceleration,aStages,jerk,velocity,height
0.0,0.0035482647230827107,0,0.0,0.0,0.0
0.016,0.0035123354675371914,0,-0.0022455784715949556,0.0,0.0
0.048,0.0035066431190388762,0,-0.00017788589057234766,0.0,0.0
0.08,0.003544053610179263,0,0.001169077848137091,0.0,0.0
0.112,0.00362971864196902,0,0.0026770322434299058,0.0,0.0
0.144,0.0037995373031292114,0,0.005306833161255979,1.5248057733610793e-05,2.4396892373777257e-07
0.176,0.003784156408967943,0,-0.00048065294253963123,0.0,4.879378474755452e-07
0.208,0.003986837483616414,0,0.006333783582764723,0.0,4.879378474755452e-07
0.224,0.004429046567285041,0,0.027638067729289135,0.0,4.879378474755452e-07
0.256,0.004175314012754252,0,-0.007929142329087153,0.0,4.879378474755452e-07
0.304,0.004401610218969492,0,0.004714504296150838,0.00017176608265772513,4.6103238312609474e-06
0.336,0.004493740351670331,0,0.0028790666469012223,0.0,7.3585811537845514e-06
0.352,0.004141237529483113,0,-0.022031426386701223,0.0,7.3585811537845514e-06
0.384,0.004016944211772889,0,-0.003884166178444488,1.3702422697286012e-05,7.577819916941128e-06
0.416,0.004294722213651483,0,0.008680562558706065,0.0,7.797058680097704e-06
0.448,0.0040223772488568975,0,-0.008510780149830782,0.0,7.797058680097704e-06
0.48,0.0041702626183855,0,0.004621417797768834,0.0,7.797058680097704e-06
0.512,0.004193531006024088,0,0.000727137113705868,4.4665612770641676e-05,8.511708484427972e-06
0.544,0.004007901487100441,0,-0.005800922466363956,0.0,9.22635828875824e-06
0.576,0.0040225250142646475,0,0.0004569852238814528,0.0,9.22635828875824e-06
0.592,0.004514898713082336,0,0.030773356176105507,0.0,9.22635828875824e-06
0.624,0.0044271046175182426,0,-0.0027435654863779196,1.5746799790860352e-05,9.478307085412005e-06
0.656,0.004505939086351284,0,0.0024635771510325504,0.0,9.73025588206577e-06
0.672,0.004230395218438782,0,-0.017221491744531355,0.0,9.73025588206577e-06
0.688,0.004128275084053255,0,-0.00638250839909552,0.0,9.73025588206577e-06
0.72,0.0041742804850333805,0,0.0014376687806289313,0.0,9.73025588206577e-06
0.736,0.004224383040183102,0,0.0031314096968575672,0.0,9.73025588206577e-06
0.752,0.004237366226667195,0,0.0008114491552558236,6.315972735295014e-05,1.0235533700889371e-05
0.784,0.004448228887538982,0,0.006589458152243338,0.0,1.1246089338536574e-05
0.8,0.004763744407853713,0,0.019719720019670678,0.0,1.1246089338536574e-05
0.816,0.0044453425265792955,0,-0.01990011757965121,0.0,1.1246089338536574e-05
0.848,0.004197966485342066,0,-0.007730501288663413,0.0,1.1246089338536574e-05
0.864,0.004254121225630719,0,0.00350967126804078,5.54073768973787e-05,1.1689348353715604e-05
0.88,0.004666171809512839,0,0.025753161492632497,0.0,1.2132607368894633e-05
0.912,0.004416325996465128,0,-0.007807681657740963,0.0,1.2132607368894633e-05
0.944,0.004290568242881192,0,-0.003929929799497994,0.0,1.2132607368894633e-05
0.976,0.004455529000275193,0,0.005155023668562508,5.133754979421822e-05,1.2954008165602126e-05
1.008,0.004439136580284591,0,-0.0005122631247063063,0.0,1.3775408962309619e-05
1.024,0.004480837292596528,0,0.002606294519496078,0.0,1.3775408962309619e-05
1.056,0.0045554617885755246,0,0.0023320154993436318,0.0,1.3775408962309619e-05
1.088,0.004543660865781531,0,-0.0003687788373122905,5.517873783469039e-05,1.4658268767664667e-05
1.12,0.004503312605316074,0,-0.0012608831395455398,0.0,1.5541128573019713e-05
1.152,0.004493131469137688,0,-0.0003181605055745647,0.0,1.5541128573019713e-05
1.2,0.00431435817382227,0,-0.00372444365240454,5.5253169994549586e-05,1.6867204652888904e-05
1.216,0.004190310805809724,0,-0.007752960500784129,0.0,1.73092300128453e-05
1.248,0.004178559884969273,0,-0.00036721627626407386,0.0,1.73092300128453e-05
1.28,0.004346501658283184,0,0.0052481804160597065,0.0,1.73092300128453e-05
1.296,0.004209163930781409,0,-0.008583607968860953,0.0,1.73092300128453e-05
1.328,0.004570146106590598,0,0.011280692994037158,0.00010250772288657867,1.894935357903056e-05
1.36,0.004457469509547399,0,-0.003521143657599955,0.0,2.058947714521582e-05
1.392,0.004358951151871401,0,-0.00307869867737498,0.0,2.058947714521582e-05
1.424,0.00418116356857182,0,-0.005555861978111899,2.465413885457783e-05,2.0983943366889067e-05
1.44,0.004294483909314372,0,0.007082521296409514,0.0,2.118117647772569e-05
1.472,0.00439459060609464,0,0.0031283342743833728,0.0,2.118117647772569e-05
1.52,0.00426399972584841,0,-0.0027206433384631213,0.0,2.118117647772569e-05
1.552,0.004485247050678206,0,0.006913978900931113,7.927862731527124e-05,2.244963451477003e-05
1.568,0.0043176015691857896,0,-0.010477842593276014,0.0,2.30838635332922e-05
1.584,0.004333897459525043,0,0.0010184931462033251,0.0,2.30838635332922e-05
1.616,0.004345143588147072,0,0.0003514415194384113,0.0,2.30838635332922e-05
1.648,0.004227797388338176,0,-0.00366706874402802,0.0,2.30838635332922e-05
1.68,0.004477696074487229,0,0.007809333942157888,0.00013423301629559257,2.5231591794021685e-05
1.696,0.004424000105566598,0,-0.0033559980575394136,0.0,2.6305455924386426e-05
1.728,0.004389438857859206,0,-0.0010800389908559903,0.0,2.6305455924386426e-05
1.76,0.004558723816725289,0,0.005290154964565073,0.0,2.6305455924386426e-05
1.792,0.004537963521938592,0,-0.0006487592120842702,0.00013517920936281097,2.8468323274191405e-05
1.824,0.004392065079875742,0,-0.0045593263144640605,0.0,3.0631190623996384e-05
1.84,0.004343646775564879,0,-0.0030261440194289157,0.0,3.0631190623996384e-05
1.872,0.00419305298252436,0,-0.004706056032516234,0.0,3.0631190623996384e-05
1.904,0.004228736546835466,0,0.0011151113847220823,0.00011928119043454893,3.2539689670949156e-05
1.936,0.0041058050174982395,0,-0.0038416102917883267,0.0,3.444818871790194e-05
1.968,0.0039582838187781876,0,-0.00461003746000162,0.0,3.444818871790194e-05
1.984,0.003907171217460145,0,-0.003194537582377682,0.0,3.444818871790194e-05
2.016,0.0041081818969711005,0,0.006281583734717367,7.282856696511769e-05,3.561344578934383e-05
2.048,0.003995588103989648,0,-0.003518556030670386,0.0,3.677870286078571e-05
2.08,0.004192782279416617,0,0.006162317982092786,0.0,3.677870286078571e-05
2.112,0.004159220621687745,0,-0.001048801804027273,0.0,3.677870286078571e-05
2.144,0.004203712211107654,0,0.001390362169372167,0.0001009417848573859,3.839377141850389e-05
2.16,0.004150505871820084,0,-0.0033253962054731437,0.0,3.920130569736298e-05
2.192,0.004333473239263853,0,0.0057177302326177765,0.0,3.920130569736298e-05
2.208,0.00428679995913266,0,-0.002917080008199566,0.0,3.920130569736298e-05
2.24,0.004399356262444188,0,0.0035173844784852607,1.1459880430553238e-05,3.938466378425183e-05
2.272,0.004297944287644798,0,-0.0031691242124809687,0.0,3.956802187114068e-05
2.288,0.0041631644808171435,0,-0.00842373792672842,0.0,3.956802187114068e-05
2.32,0.004283754970284718,0,0.0037684527958616963,0.0,3.956802187114068e-05
2.352,0.004139582937437155,0,-0.004505376026486337,0.0,3.956802187114068e-05
2.384,0.0040915025494206204,0,-0.0015025121255167026,0.0001199270449105741,4.1486854589709866e-05
2.416,0.004231875183534326,0,0.0043866448160533,0.0,4.340568730827905e-05
2.448,0.004330909272727914,0,0.003094815287299618,0.0,4.340568730827905e-05
2.464,0.004288579986959095,0,-0.0026455803605511855,0.0,4.340568730827905e-05
2.496,0.0042844806546020985,0,-0.00012810413615614222,9.623052428052448e-05,4.494537569676744e-05
2.528,0.004358700432439886,0,0.0023193680574308605,0.0,4.648506408525583e-05
2.56,0.004221850487144966,0,-0.00427656079046625,0.0,4.648506408525583e-05
2.592,0.004430915549823559,0,0.0065332832087060195,1.0254492978050214e-05,4.6649135972904635e-05
2.624,0.004376034418820739,0,-0.0017150353438381042,0.0,4.6813207860553436e-05
2.656,0.004501913888527772,0,0.003933733428344764,0.0,4.6813207860553436e-05
2.672,0.004418117710660103,0,-0.005237261116729313,0.0,4.6813207860553436e-05
2.688,0.004244885961479063,0,-0.010826984323814959,0.0,4.6813207860553436e-05
2.72,0.004372115122489976,0,0.003975911281591011,7.174916490805539e-05,4.7961194499082324e-05
2.752,0.004298198868374414,0,-0.0023098829411113482,0.0,4.91091811376112e-05
2.784,0.004435256504532841,0,0.004283051129950855,0.0,4.91091811376112e-05
2.816,0.004220371689977399,0,-0.0067151504548575705,0.0,4.91091811376112e-05
2.848,0.004291251584312931,0,0.002214996697985376,0.00012488549822920955,5.110734910927855e-05
2.88,0.004332806022580408,0,0.0012985761958586573,0.0,5.3105517080945906e-05
2.896,0.004263695107806217,0,-0.004319432173386942,0.0,5.3105517080945906e-05
2.928,0.004566247848489715,0,0.009454773146359311,0.0,5.3105517080945906e-05
2.96,0.005352542764810574,0,0.024571716135026834,0.00013162216609613649,5.521147173848409e-05
2.992,0.005058749595059062,0,-0.00918103655473474,0.0,5.731742639602227e-05
3.008,0.005216699971929906,0,0.009871898554427742,0.0,5.731742639602227e-05
3.04,0.008044176956364526,0,0.08835865576358178,9.258047124267345e-05,5.8798713935905046e-05
3.072,0.007800699939909044,0,-0.007608656764233796,0.0,6.028000147578782e-05
3.104,0.007816981536728867,0,0.0005087999006194578,9.598140520925696e-05,6.181570395913593e-05
3.136,0.007871658105121627,0,0.0017086427622737476,0.0,6.335140644248404e-05
3.168,0.007502890282808056,0,-0.011523994447299065,9.299241368573852e-05,6.483928506145585e-05
3.2,0.007794637608377997,0,0.009117103924060647,0.0,6.632716368042767e-05
3.216,0.007951922902913005,0,0.009830330908437964,0.0,6.632716368042767e-05
3.248,0.00809803651605499,0,0.004566050410687024,0.00022052469473853205,6.985555879624418e-05
3.28,0.008181057149263166,0,0.002594394787755549,0.0,7.338395391206065e-05
3.296,0.007897264547907751,0,-0.01773703758471341,0.00010961676696098592,7.426088804774855e-05
3.328,0.0077315831008122025,0,-0.0051775452217359,0.0,7.601475631912432e-05
3.36,0.007621091704436856,0,-0.003452856136729575,0.00010532112622448943,7.769989433871615e-05
3.392,0.007680800338730632,0,0.0018658948216804926,0.0,7.938503235830798e-05
3.424,0.0077981540572138845,0,0.003667303702601642,9.781466925028182e-05,8.09500670663125e-05
3.456,0.0076342993122633755,0,-0.005120460779703402,0.0,8.2515101774317e-05
3.488,0.007929714438159052,0,0.009231722684239869,9.375814316867764e-05,8.401523206501585e-05
3.504,0.007750090582126109,0,-0.01122649100205891,0.0,8.476529721036527e-05
3.536,0.0075997106548169775,0,-0.0046993727284103505,0.0,8.476529721036527e-05
3.568,0.007360557211679154,0,-0.007473545098056991,0.00020415768898598627,8.803182023414105e-05
3.6,0.007343691216109751,0,-0.0005270623615438292,0.0,9.129834325791683e-05
3.632,0.007329180635418712,0,-0.0004534556465949753,0.00017419161345506515,9.408540907319787e-05
3.664,0.0070822121250230345,0,-0.007717765949864909,0.0,9.687247488847891e-05
3.696,0.006998441779633737,0,-0.0026178232934155415,0.00013006436009664266,9.89535046500252e-05
3.728,0.006830516628897821,0,-0.005247660960497375,0.0,0.00010103453441157148
3.744,0.006790279761862559,0,-0.002514804189703878,0.0,0.00010103453441157148
3.776,0.006700905203371552,0,-0.002792954952843993,0.00017615302520297346,0.00010385298281481902
3.808,0.006666575372367926,0,-0.0010728072188633314,0.0,0.00010667143121806661
3.824,0.00658475442150085,0,-0.005113809429192237,0.0,0.00010667143121806661
3.856,0.006456664706169169,0,-0.004002803604115018,0.00020470605880847093,0.00010994672815900215
3.904,0.006373768278409176,0,-0.0017270089116665206,1.2636450438349711e-05,0.00011516294838092585
3.92,0.006374748081743261,0,6.123770838030793e-05,0.0,0.00011526403998443265
3.952,0.006302787132993728,0,-0.0022487796484229098,0.0,0.00011526403998443265
3.984,0.006277698140441195,0,-0.0007840310172666468,1.875290913031999e-05,0.00011556408653051777
4.016,0.00616311552312954,0,-0.00358070679098922,0.0,0.00011586413307660289
4.048,0.006012007990368853,0,-0.004722110398771473,0.0,0.00011586413307660289
4.08,0.00599838481345159,0,-0.000425724278664465,0.00010477418882455514,0.00011754052009779578
4.096,0.0058952644371066155,0,-0.006445023521560883,0.0,0.00011837871360839222
4.128,0.005913938850319347,0,0.0005835754128978484,0.0,0.00011837871360839222
4.16,0.005845767699330099,0,-0.002130348468413989,7.702594022222439e-05,0.00011961112865194781
4.176,0.005807938440725299,0,-0.0023643286628000234,0.0,0.0001202273361737256
4.208,0.005702804354282647,0,-0.003285440201332854,0.0,0.0001202273361737256
4.24,0.005634233793978306,0,-0.002142830009510672,3.582008443496834e-05,0.0001208004575246851
4.272,0.005607184236909781,0,-0.0008452986583913888,0.0,0.0001213735788756446
4.304,0.005506228835009657,0,-0.003154856309378875,0.0,0.0001213735788756446
4.336,0.0055360176700614445,0,0.0009309010953683578,7.017332616102503e-05,0.000122496352094221
4.368,0.00547500770454561,0,-0.0019065614223698329,0.0,0.0001236191253127974
4.4,0.005552065324708592,0,0.002408050630093182,0.0,0.0001236191253127974
4.432,0.005477553349431282,0,-0.0023284992274159237,9.925679940904486e-05,0.00012520723410334214
4.464,0.005525535917708078,0,0.0014994552586498626,0.0,0.00012679534289388686
4.48,0.005599202000021317,0,0.004604130144577469,0.0,0.00012679534289388686
4.512,0.005413923703866185,0,-0.005789946754848036,4.051414228730538e-05,0.00012744356917048373
4.528,0.005523421152966206,0,0.006843590568751314,0.0,0.00012776768230878216
4.56,0.0054953774129327775,0,-0.0008763668760446492,0.0,0.00012776768230878216
4.592,0.005529422456884769,0,0.001063907623499726,0.0,0.00012776768230878216
4.624,0.0054239885255394395,0,-0.003294810354541536,0.00015596505183221657,0.00013026312313809763
4.656,0.005308310394268951,0,-0.0036149416022027638,0.0,0.0001327585639674131
4.688,0.005298070060980781,0,-0.00032001041525529767,0.0,0.0001327585639674131
4.72,0.005158480985826653,0,-0.00436215859856651,0.00016468873858206667,0.00013539358378472616
4.752,0.005279367699831509,0,0.0037777098126517417,0.0,0.00013802860360203923
4.784,0.005151108131854241,0,-0.004008111499289622,0.0,0.00013802860360203923
4.816,0.00502185348215874,0,-0.004039207802984404,0.00016134931668377456,0.00014061019266897962
4.848,0.004971479932984146,0,-0.0015741734117060637,0.0,0.00014319178173592
4.88,0.005100098456214234,0,0.004019328850940253,0.0,0.00014319178173592
4.912,0.005126823982105757,0,0.0008351726841100945,0.00014601866456635804,0.00014552808036898173
4.928,0.005035776680757959,0,-0.005690456334237355,0.0,0.00014669622968551259
4.96,0.004997414868012664,0,-0.0011988066482904777,0.0,0.00014669622968551259
4.999,0.004954508170145647,0,-0.0011001717401799174,8.191303389368243e-05,0.00014829353384643938
5.015,0.0049928167822020884,0,0.0023942882535275627,0.0,0.00014894883811758885
5.047,0.004999374293771421,0,0.0002049222365416504,0.0,0.00014894883811758885
5.079,0.00492290114226392,0,-0.0023897859846094198,0.0,0.00014894883811758885
5.111,0.0047675407944373395,0,-0.004855010869580629,0.0001351701686918283,0.0001511115608166581
5.127,0.004740194650620613,0,-0.0017091339885454296,0.0,0.00015219292216619274
5.159,0.004708936368260901,0,-0.0009768213237409768,0.0,0.00015219292216619274
5.191,0.004718365266199013,0,0.0002946530605659866,1.3254974705750877e-05,0.00015240500176148475
5.223,0.004722326658067159,0,0.00012379349587955657,0.0,0.00015261708135677675
5.255,0.004698062296922111,0,-0.0007582612857827316,0.0,0.00015261708135677675
5.287,0.0049769094086835435,0,0.008713972242544749,0.0,0.00015261708135677675
5.319,0.005046024836258257,0,0.0021598571117097884,0.00013019876398259744,0.0001547002615804983
5.335,0.005472197967714542,0,0.026635820716017805,0.0,0.0001557418516923591
5.367,0.005239041163198222,0,-0.00728615014113499,0.0,0.0001557418516923591
5.399,0.0033670190716531302,0,-0.05850069036078407,2.3421336266607473e-05,0.00015611659307262482
5.415,0.0018567777254893635,0,-0.09439008413523534,0.0,0.00015630396376275767
5.447,0.001865766700078441,0,0.0002809054559086731,0.0,0.00015630396376275767
5.479,0.0019607871923176708,0,0.0029693903824759274,0.0,0.00015630396376275767
5.511,0.0019137228774419486,0,-0.0014707598398663161,0.0,0.00015630396376275767
5.543,0.0021663547641606086,0,0.007894746459958118,0.0,0.00015630396376275767
5.575,0.002159937600812307,0,-0.00020053635463443043,0.0,0.00015630396376275767
5.591,0.0023258385952973186,0,0.010368812155313227,0.0,0.00015630396376275767
5.639,0.002227085556534964,0,-0.0020573549742157163,2.764775416538856e-05,0.000156967509862727
5.655,0.0023125549928373727,0,0.005341839768900534,0.0,0.0001571886918960501
5.687,0.002368084408794987,0,0.0017352942486754416,0.0,0.0001571886918960501
5.719,0.0023261957902014248,0,-0.0013090193310488156,0.0,0.0001571886918960501
5.751,0.0024472504520236978,0,0.003782958181946027,0.0,0.0001571886918960501
5.783,0.00235610574281302,0,-0.0028482721628336734,0.0,0.0001571886918960501
5.815,0.0024612146277547646,0,0.0032846526544295118,0.0,0.0001571886918960501
5.847,0.0008470397101821674,0,-0.05044296617414362,0.0,0.0001571886918960501
5.879,0.000731893288631321,0,-0.003598325673464044,2.2464554480506466e-05,0.00015754812476773822
5.895,0.0008099053578781816,0,0.00487575432792878,0.0,0.00015772784120358227
5.911,0.0010497288226575148,0,0.01498896654870831,0.0,0.00015772784120358227
5.943,0.0010688801105421704,0,0.0005984777463954866,0.0,0.00015772784120358227
5.975,0.0012780292706731124,0,0.006535911254091931,0.0,0.00015772784120358227
6.007,0.0013705765846231642,0,0.0028921035609391172,0.0,0.00015772784120358227
6.039,0.0013878404867208004,0,0.00053949694055113,0.0,0.00015772784120358227
6.071,0.0015155267227093781,0,0.003990194874643051,0.0,0.00015772784120358227
6.103,0.0015560889038406904,0,0.0012675681603535073,0.0,0.00015772784120358227
6.135,0.0015876418571225855,0,0.0009860297900592197,0.0,0.00015772784120358227
6.167,0.00161240237994471,0,0.0007737663381913913,0.0,0.00015772784120358227
6.183,0.0016913639093634227,0,0.004935095588669536,0.0,0.00015772784120358227
6.215,0.0017217144557665869,0,0.0009484545750988805,0.0,0.00015772784120358227
6.247,0.0017438872558113126,0,0.0006929000013976797,4.122581383971327e-05,0.0001583874542250177
6.279,0.0017861238779555734,0,0.001319894442008148,0.0,0.0001590470672464531
6.311,0.0018176616965410695,0,0.0009855568307967537,0.0,0.0001590470672464531
6.343,0.0019636799502437095,0,0.004563070428207495,0.0,0.0001590470672464531
6.375,0.0019519282757092908,0,-0.0003672398292005847,0.0,0.0001590470672464531
6.423,0.001967068177773399,0,0.0003154146263355884,0.0,0.0001590470672464531
6.455,0.0019860470892099392,0,0.0005930909823918801,0.0,0.0001590470672464531
6.487,0.0020280856726626294,0,0.0013137057328965653,4.9642481014799955e-08,0.00015904786152614935
6.519,0.0019728351849478167,0,-0.001726577741087896,0.0,0.0001590486558058456
6.551,0.0020589145975115873,0,0.0026899816426178306,0.0,0.0001590486558058456
6.583,0.0020880755167058222,0,0.0009112787248198403,0.0,0.0001590486558058456
6.615,0.002205350271893603,0,0.00366483609961815,0.0,0.0001590486558058456
6.631,0.0022040707567314403,0,-7.996969763517443e-05,0.0,0.0001590486558058456
6.663,0.002321715549651316,0,0.0036763997787461113,0.0,0.0001590486558058456
6.695,0.0022933340690435323,0,-0.000886921268993239,0.0,0.0001590486558058456
6.727,0.0023542522241401832,0,0.0019036923467703384,1.9509150888389476e-05,0.00015936080222005982
6.759,0.0023562929000149023,0,6.377112108497078e-05,0.0,0.00015967294863427405
6.775,0.0023536425267399706,0,-0.00016564832968322938,0.0,0.00015967294863427405
6.823,0.0023181397852534945,0,-0.000739640447634919,0.0,0.00015967294863427405
6.855,0.002313967161831732,0,-0.00013039448193007282,0.0,0.00015967294863427405
6.887,0.0023329556222303656,0,0.0005933893874573111,0.0,0.00015967294863427405
6.919,0.0025996849830311856,0,0.00833529252502562,0.0,0.00015967294863427405
6.951,0.0033063870298383723,0,0.02208443896272456,6.656400936520465e-05,0.00016073797278411733
6.983,0.0035428864132409123,0,0.007390605731329368,0.0,0.0001618029969339606
7.015,0.0036578096114425925,0,0.0035913499438025025,0.0,0.0001618029969339606
7.047,0.004462482765521119,0,0.02514603606495393,0.0,0.0001618029969339606
7.063,0.004584908526397622,0,0.007651610054781436,0.0,0.0001618029969339606
7.095,0.006241594824120834,0,0.05177144680385032,0.00016689138282447585,0.00016447325905915222
7.127,0.006338854945073347,0,0.00303937877976605,0.0,0.00016714352118434383
7.143,0.007063609157485735,0,0.04529713827577417,0.0,0.00016714352118434383
7.191,0.007425036941525267,0,0.0075297455008235805,0.0003231257983283241,0.00017489854034422362
7.223,0.0070948734626946515,0,-0.010317608713456723,5.544436479584455e-05,0.00018095566295421033
7.255,0.006907127086675891,0,-0.005867074250586255,0.0,0.00018184277279094385
7.287,0.007605443558628713,0,0.021822389748525652,1.1677503910647452e-05,0.00018202961285351422
7.319,0.007469948860755287,0,-0.004234209308544547,0.0,0.0001822164529160846
7.351,0.008186195386355451,0,0.022382703925005114,3.3820905745683694e-06,0.00018227056636527768
7.383,0.008878769729281522,0,0.021642948216439695,0.0,0.00018232467981447076
7.415,0.009551247430211223,0,0.021014928154053134,7.130180697664454e-05,0.00018346550872609706
7.447,0.010610458696809027,0,0.03310035208118134,0.0,0.00018460633763772336
7.479,0.011923282518943878,0,0.04102574444171406,0.0002544289644610155,0.00018867720106909963
7.495,0.013269164043173538,0,0.08411759526435367,0.0,0.00019071263278478776
7.511,0.014339521965206176,0,0.06689737012703986,0.0001768380250249911,0.00019212733698498768
7.543,0.015751018739002236,0,0.04410927418112684,0.00015828667629232476,0.00019748933220606473
7.591,0.017183053655229766,0,0.029834060754740183,0.0004487044137538895,0.0002120571183671739
7.607,0.01870981076572509,0,0.09542231940595772,0.00023584732912152948,0.00021753353231017725
7.655,0.020189787215619755,1,0.030832842706138806,0.001169437680673807,0.00025126037254526537
7.687,0.021727698796757584,1,0.048059736910557094,0.0018401174568718434,0.0002994132547459958
7.703,0.023216412353781263,1,0.0930445973139799,0.0021996703460761564,0.00033173155716957983
7.735,0.0247268391698403,1,0.047200838001844804,0.0029667623704541035,0.0004143944806340641
7.767,0.02605239428433004,1,0.041423597327804436,0.00377923010572083,0.0005223303602528631
7.799,0.027707328033113463,1,0.05171667964948187,0.004639385662799929,0.0006570282125491954
7.831,0.029279494614346504,1,0.049130205663532475,0.005551174825159287,0.0008200771803565431
7.863,0.032066883961204995,1,0.08710591708932777,0.00653271688236811,0.0010134194476769816
7.895,0.03656773409110346,1,0.1406515665593309,0.0076308707712050144,0.0012400368501341455
7.911,0.04144889541955388,1,0.30507258302815066,0.008255003807290273,0.001367123846762108
7.943,0.04965779563909786,1,0.2565281318607493,0.009712710864228702,0.0016546072815064117
7.975,0.05441313483980596,1,0.148604350022128,0.011377845751891165,0.0019920561873643296
8.007,0.05474725238133918,1,0.01044117317291299,0.013124411947429492,0.0023840923105534605
8.023,0.05371407587106011,1,-0.06457353189244155,0.013992102573448684,0.002601024426720486
8.071,0.05015812966609762,1,-0.07408221260338527,0.01648503550634047,0.003332475740635427
8.087,0.047054040904850825,1,-0.19400554757792438,0.017262732870908057,0.003602457887653415
8.119,0.046107661779599754,1,-0.02957434766409593,0.018753320113859266,0.004178714735409692
8.151,0.04608020486741363,1,-0.0008580285058164785,0.02022832598021148,0.004802421072914825
8.183,0.047749668527309844,1,0.05217073937175674,0.021729603954527055,0.0054737479518706415
8.215,0.0497812572271482,1,0.06348714686994852,0.023290098766598384,0.006194063195408649
8.231,0.05139448413977585,1,0.100826682039228,0.024099504697533775,0.0065731800231217065
8.263,0.053864794476806685,1,0.07719719803221359,0.0257836531553991,0.007371310548768633
8.295,0.05595007539939713,1,0.0651650288309513,0.02754069107341836,0.008224500056429713
8.327,0.05815248412778316,1,0.06882527276206353,0.029366332025853245,0.009135012426018059
8.359,0.05905497299129779,1,0.028202776984832093,0.031241651339758536,0.010104740159867849
8.391,0.05912661548254229,1,0.0022388278513906282,0.03313255675533998,0.011134727489389425
8.439,0.05888756440944634,1,-0.004980230689498953,0.035964897072747706,0.012793066381263532
8.471,0.05804604224480593,1,-0.02629756764501278,0.037835834779215746,0.013973878090894948
8.503,0.05780801768294773,1,-0.007438267558068812,0.03968949973805981,0.015214283443171358
8.535,0.057753008481348025,1,-0.0017190375499907455,0.04153847615668854,0.016513931057487333
8.551,0.05791895424963127,1,0.010371610517702695,0.04246385185853638,0.017185949681609133
8.583,0.058946278119674136,1,0.03210387093883959,0.04433369557644526,0.01857471044056884
8.599,0.06029177506563084,1,0.0840935591222939,0.045287600001927705,0.019291680805195825
8.631,0.06238287311476501,1,0.06534681403544271,0.047250394372814045,0.020772288715191694
8.663,0.06369282843803914,1,0.040936103852316566,0.049267605597658914,0.022316576714719264
8.695,0.06474150807887946,1,0.03277123877626004,0.05132255498192961,0.023926019283992683
8.727,0.06609420906130216,1,0.042271905700709246,0.05341592645617252,0.025601834987002317
8.759,0.06630236127103978,1,0.006504756554300596,0.05553427158148999,0.02734503815560492
8.791,0.06584050822792707,1,-0.014432907597272051,0.05764855749347346,0.029155963420804336
8.839,0.06543761524339525,1,-0.00839360384441289,0.0607992324567852,0.031998710379610544
8.855,0.06513316758046467,1,-0.01902797893316153,0.06184379871937608,0.03297985462901983
8.887,0.06514806801290444,1,0.00046563851374302077,0.06392829848886998,0.034992208184351774
8.919,0.06510011819573322,1,-0.0014984317866007812,0.06601226946820818,0.03707125727166503
8.935,0.06560271589740715,1,0.03141235635462089,0.0670578921409533,0.03813581856453832
8.967,0.06545646605003963,1,-0.0045703077302351345,0.06915483905211245,0.040315222263627375
8.999,0.06556457780746701,1,0.0033784924196055837,0.07125117575383255,0.0425617185005225
9.031,0.06579299949213308,1,0.007138177645814568,0.07335289699062615,0.04487538366443384
9.063,0.0659170902030203,1,0.003877834715225976,0.0754602584257486,0.04725639415109584
9.079,0.06600262334178528,1,0.005345821172810651,0.07651561613410705,0.04847220114757468
9.111,0.06564997537845296,1,-0.011020248854134811,0.07862205771363087,0.05095440392913849
9.143,0.06659569564413828,1,0.029553758302666162,0.08073798844999233,0.05350416466775646
9.159,0.06718434418798938,1,0.03679053399069373,0.08180822876864935,0.054804534405505596
9.191,0.06795832668538761,1,0.02418695304369455,0.08397051150262339,0.05745699424984596
9.207,0.06803493214262682,1,0.004787841077450758,0.0850584575732475,0.058809226002452926
9.239,0.0684244925438705,1,0.012173762538864812,0.08724180836823145,0.06156603025751659
9.271,0.06806503569784322,1,-0.011233026438352181,0.08942564082009888,0.06439270944452988
9.303,0.06769581757735199,1,-0.011538066265351008,0.09159781447250201,0.0672890847292115
9.335,0.06719012572560214,1,-0.015802870367182916,0.09375598956534928,0.07025474559381711
9.367,0.06684243944805689,1,-0.010865196173289068,0.09590051060812782,0.07328924959659275
9.383,0.06673277092018946,1,-0.006854282991714733,0.09696911229107366,0.07483220657978619
9.415,0.06603831199821314,1,-0.021701841311760093,0.09909344961776811,0.07796920757032766
9.431,0.06591023173786402,1,-0.008005016271819987,0.10014903796765673,0.07956314747101106
9.463,0.06548523434281578,1,-0.013281168595257504,0.10225136542494762,0.08280155392529273
9.495,0.06533946604649962,1,-0.00455525925987989,0.10434456063117667,0.08610708874219072
9.543,0.06440521536972331,1,-0.019463555766173174,0.10745843298516602,0.09119036058898296
9.575,0.06360683711137917,1,-0.024949320573254358,0.10950662582486367,0.09466180152994344
9.591,0.06315845503034043,1,-0.02802388006492137,0.11052074816199745,0.09642202052183833
9.607,0.06271926911735101,1,-0.027449119561838407,0.11152776995517899,0.09819840866677575
9.639,0.062416507809344005,1,-0.009461290875218973,0.11352994238600611,0.10179933206423471
9.671,0.06170036109807113,1,-0.022379584727277316,0.11551581228852476,0.1054640641390272
9.703,0.06071274426265512,1,-0.03086302610675031,0.11747442197429639,0.10919190788723235
9.735,0.05968506835452726,1,-0.032114872128995484,0.11940078697617132,0.11298191123043984
9.767,0.05902186246701126,1,-0.020725183984875144,0.12130009786931595,0.11683312538796764
9.799,0.05853879345547218,1,-0.01509590661059617,0.12318106836407569,0.12074482404770191
9.831,0.058282390659700645,1,-0.008012587367860455,0.12505020730991845,0.12471652445848583
9.863,0.05739344060330527,1,-0.02777968926235541,0.12690102061012654,0.12874774410520656
9.895,0.05641943790651599,1,-0.030437584274664992,0.12872202666628368,0.13283771286162913
9.927,0.05562724786865654,1,-0.024755938683107787,0.13051477363868644,0.13698550166650866
9.959,0.05501309843747264,1,-0.019192169724496933,0.13228501917958452,0.141190298351601
9.991,0.05404538200323318,1,-0.030241138569983013,0.13402995486663583,0.14545133793634052
10.023,0.05330928776466945,1,-0.02300294495511657,0.13574762958292227,0.14976777928753346
10.055,0.05236749226032397,1,-0.02943110951079614,0.13743845806332217,0.15413875668987337
10.071,0.05139904134871967,1,-0.0605281819752688,0.13826859033219452,0.1563444130770375
10.103,0.05033573443805689,1,-0.03322834095821189,0.13989634674478293,0.16079505207026915
10.119,0.0492458244305114,1,-0.06811937547159316,0.14069299921573147,0.16303976683795326
10.151,0.04799015518350326,1,-0.039239663969004246,0.1422487748895557,0.16756683522363786
10.183,0.04691059552363737,1,-0.03373623937080909,0.14376718690086995,0.17214309061228467
10.215,0.0457135531600546,1,-0.03740757386196154,0.14524917327980902,0.17676735237517555
10.247,0.04491804818634204,1,-0.0248595304285174,0.14669927890135137,0.18143852761007412
10.263,0.044121464061305585,1,-0.04978650781477848,0.14741159499933254,0.1837914146012796
10.295,0.04357050977072585,1,-0.01721732158061665,0.14881466658064504,0.18853103478655925
10.327,0.0428726658656398,1,-0.021807622033939083,0.15019775739082689,0.1933152335701028
10.359,0.04198553220588462,1,-0.02772292686734933,0.15155548855997128,0.19814328550531557
10.391,0.04108251026854132,1,-0.028219435541978227,0.15288457723956209,0.2030143265581081
10.407,0.040217701312344756,1,-0.05405055976228502,0.1535349789322092,0.20546568300748227
10.439,0.039395448610781994,1,-0.02569539692383628,0.15480878933097922,0.2103991832996933
10.471,0.038470944876934324,1,-0.02889074168273967,0.15605465162678267,0.21537299835501747
10.503,0.037737870604262605,1,-0.02290857102099119,0.15727399267448183,0.2203862566638377
10.535,0.03679180088874465,1,-0.029564678609936165,0.15846646741836995,0.22543810402532335
10.567,0.03598613109834538,1,-0.02517718094997713,0.15963091433016338,0.2305276621332999
10.583,0.03522270362126412,1,-0.04771421731757874,0.16020058500792025,0.23308631412800457
10.615,0.03428360236105832,1,-0.029346914381431194,0.16131268590363743,0.2382305264625895
10.631,0.03366345504393328,1,-0.038759207320314716,0.16185626236287737,0.24081587804872162
10.663,0.03286658672463351,1,-0.024902134978117895,0.16292074303117443,0.24601231013502645
10.695,0.030707857112916504,1,-0.06746030036615634,0.16393793413257524,0.25124204896964647
10.711,0.028373925297229454,1,-0.1458707384804405,0.1644105883918564,0.25386883714984193
10.743,0.02765995877952734,1,-0.022311453678191033,0.1653071305370845,0.259144320652705
10.775,0.026954000146629364,1,-0.02206120727806175,0.16618095387990303,0.2644481300033768
10.807,0.026748749352232117,1,-0.006414087324913946,0.16704019787188482,0.26977966843140544
10.839,0.02615149292181451,1,-0.018664263450550254,0.16788660174826955,0.2751384972253279
10.871,0.02560278282921011,1,-0.017147190393887398,0.16871467016028596,0.2805241175758648
10.887,0.025182765607650325,1,-0.026251076347486607,0.16912095454778084,0.28322680257352933
10.919,0.024568066520694657,1,-0.019209346467364614,0.16991696786183436,0.28865140933208316
10.951,0.022454116111916538,1,-0.06606095027431616,0.17066932278395613,0.29410078998241584
10.983,0.022040147310000962,2,-0.012936525059861747,0.1713812309987068,0.29957359884293844
10.999,0.020075069215979142,2,-0.12281738087636365,0.17171815273091465,0.30231839391277543
11.031,0.018033653645827628,2,-0.06379423656723476,0.17232789229670356,0.3078231306332173
11.063,0.017730209957151747,2,-0.009482615271121262,0.17290011411435124,0.3133467787357942
11.095,0.017610251085450297,2,-0.003748714740670324,0.17346556149103287,0.31888862954548036
11.143,0.017749957312351242,2,0.0029105463937697017,0.17431420649258011,0.3272353439770871
11.159,0.017049362387284262,2,-0.04378718281668622,0.1745926010501772,0.33002659843742915
11.191,0.017849750332716807,2,0.02501212329476699,0.17515098685369723,0.33562249584389114
11.223,0.016388559392782314,2,-0.04566221687295285,0.17569879980930522,0.3412360924304992
11.255,0.014035329903345262,2,-0.0735384215449078,0.17618558203804327,0.34686624254005677
11.271,0.01230748440837989,2,-0.10799034343533571,0.17639632455253706,0.3496868977927814
11.303,0.01040895220406363,2,-0.05932913138488306,0.17675978753833615,0.3553373955862354
11.335,0.010103236920711047,2,-0.009553602604768195,0.17708798256433256,0.3609989599078781
11.367,0.009922365086037593,2,-0.005652244833545447,0.17740839219644053,0.3666709019040505
11.399,0.009778892374124788,2,-0.004483522247275405,0.1777236123158031,0.3723530139762461
11.431,0.009622653066248165,2,-0.0048824783711444485,0.17803403704284906,0.3780451363659845
11.463,0.009709774110448061,2,0.002722532631246755,0.1783433558776762,0.3837471746527129
11.495,0.009422255675216509,2,-0.008984951100986013,0.17864946835424683,0.38945905984042367
11.511,0.009358339429168621,2,-0.003994765377992971,0.17879971311508192,0.3923186532921783
11.543,0.009365590005489508,2,0.00022658051002772352,0.17909929598603644,0.3980450374377962
11.575,0.009149716627980729,2,-0.006746043047149355,0.17939554089217197,0.40378095482784754
11.607,0.008994923165623125,2,-0.004837295698675117,0.17968585512886964,0.4095262571641842
11.639,0.008869123843053026,2,-0.003931228830315573,0.17997167988100846,0.4152807777243423
11.671,0.008501305621756997,2,-0.011494319415500897,0.18024960675244542,0.42104431831047756
11.703,0.008543855933629486,2,0.0013296972460152638,0.1805223293373316,0.426816669287914
11.735,0.008496321224960798,2,-0.0014854596458965014,0.18079497217186905,0.4325977461120612
11.751,0.008246272037609529,2,-0.015628074209454276,0.18092891291796961,0.4354915371927799
11.783,0.008111374604519248,2,-0.004215544784071271,0.18119063526424367,0.4412854499636953
11.815,0.007988904242910735,2,-0.003827198800266043,0.18144823972580254,0.44708767196353605
11.847,0.007779832386341588,2,-0.006533495517785841,0.18170053951187057,0.45289805243133885
11.879,0.00776278575003676,2,-0.0005327073845258746,0.18194922140205264,0.4587164486059616
11.911,0.007671951458816429,2,-0.002838571600635327,0.18219617719739428,0.4645427749835528
11.943,0.007498747266761276,2,-0.005412631001723518,0.18243890837700352,0.47037693635274314
11.975,0.00740540393245288,2,-0.002916979197137377,0.18267737479619095,0.47621879688351426
12.007,0.007479596218520967,2,0.0023185089396277037,0.18291553479860653,0.482068283437031
12.039,0.007360309249823529,2,-0.003727717771794932,0.18315297328610006,0.4879253795663863
12.055,0.0070976647746515235,2,-0.016415279698250317,0.18326863707829585,0.4908567524493015
12.087,0.006922709940157267,2,-0.005467338577945508,0.1834929630737328,0.49672493805173396
12.119,0.0052305247216788316,2,-0.052880788077451064,0.18368741482832218,0.5025998240981668
12.135,0.0035275932834574163,2,-0.10643321488883836,0.18375747977236329,0.5055393832549723
12.167,0.0034125848708029295,2,-0.003594012895452708,0.18386852262283146,0.5114213992932954
12.199,0.0033783677478833284,2,-0.0010692850912375354,0.18397717786473045,0.5173069305010964
12.231,0.0032333027563017057,2,-0.004533280986925704,0.1840829645927974,0.5231958927804169
12.263,0.003187190795548033,2,-0.001440998773552265,0.18418569248962702,0.5290881912937357
12.311,0.0031895151236870055,2,4.842350289525663e-05,0.18433873343168866,0.5379327775158473
12.343,0.003189445351435321,2,-2.1803828651432967e-06,0.18444079679929062,0.543833249999543
12.375,0.003033817227789639,2,-0.004863378863927555,0.18454036900055823,0.5497369486523406
12.391,0.0015648665264607932,2,-0.09180941883305278,0.18457715847059222,0.5526898888721098
12.423,0.0016061632482675496,2,0.001290522556461137,0.18462789494698786,0.5585971697267911
12.455,0.0015060596876403758,2,-0.00312823626959918,0.18467769051396238,0.5645060590941663
12.487,0.0016716054636032977,2,0.005173305498841307,0.18472853315638227,0.5704165586728918
12.503,0.0016648141925145361,2,-0.0004244544430475994,0.18475522451363122,0.5733724287342519
12.535,0.0016789730932717413,2,0.0004424656486626609,0.1848087251102038,0.5792854519282332
12.567,0.0017274703867749715,2,0.0015155404219759417,0.18486322820588455,0.5852002031812906
12.599,0.0016220617926393822,2,-0.0032940185667371604,0.1849168207207552,0.5911166839641169
12.631,0.0015199932683360347,2,-0.0031896413844796083,0.1849670936017308,0.5970348265932767
12.663,0.0017220922713123386,2,0.006315593843009493,0.18501896697036518,0.6029546035624302
12.679,0.001692780540907702,2,-0.0018319831502897916,0.18504628595286293,0.6059151255858161
12.711,0.0017954971189933673,2,0.0032098930651770397,0.18510209839542136,0.6118374997353886
12.743,0.001826832827439933,2,0.000979240888955177,0.18516005567456428,0.6177616942005084
12.775,0.0016653186852306871,2,-0.005047316944038929,0.18521593009876702,0.6236877099728817
12.807,0.001865472643526659,2,0.006254811196749116,0.18527242276002714,0.6296155236186224
12.823,0.0019393681560345398,2,0.004618469531742545,0.18530286148642364,0.632580125892594
12.855,0.002036049760595623,2,0.003021300142533841,0.18536646817308972,0.6385108351671462
12.887,0.0019133134361836134,2,-0.0038355101378752914,0.1854296579842382,0.6444435731856635
12.919,0.0020001639000464776,2,0.002714076995714504,0.18549227362161788,0.6503783240913572
12.935,0.001990982395852641,2,-0.0005738440121147778,0.1855242027919851,0.653346455902666
12.967,0.0021565719670921073,2,0.005174674101233313,0.1855905636617922,0.6592842921659264
12.999,0.0022174584123926984,2,0.0019027014156434707,0.18566054814786395,0.6652243099548809
13.031,0.002130130790738479,2,-0.002728988176694351,0.18573010957511404,0.6711665604784486
13.063,0.002149017848796019,2,0.0005902205642981275,0.1857985759533466,0.677111019446904
13.095,0.002414413546574918,2,0.00829361555559058,0.18587159085567254,0.6830577421158484
13.127,0.0022051738223590363,2,-0.006538741381746296,0.18594550425357548,0.6890068156375964
13.143,0.00237003248046461,2,0.010303666131598358,0.18598210590399808,0.6919822365188569
13.175,0.0022317047718216736,2,-0.004322740895091765,0.18605573370003467,0.6979348419525214
13.207,0.0023281091758646406,2,0.0030126376263427184,0.18612869072319765,0.7038897927432931
13.239,0.002082431457361065,2,-0.007677428703236736,0.18619925937332926,0.7098470399448376
13.255,0.0019931441620377154,2,-0.005580455957709339,0.18623186397828445,0.7128264889316505
13.287,0.0005639072289116212,2,-0.0446636541601904,0.18627277680053964,0.7187865631841116
13.319,-0.0007898593900592943,2,-0.04230520684284107,0.18626916156596127,0.7247472341979756
13.351,-0.0005484221574297982,2,0.007544913519671747,0.18624774906120145,0.7307075047680102
13.367,-0.001812563991833438,2,-0.07900886465022741,0.18622886117200735,0.7336873176498758
13.399,-0.001673628910507742,2,0.004341721291428235,0.1861730820855699,0.7396457487419967
13.431,-0.0014481746739878724,2,0.007045444891245919,0.18612313322821797,0.7456024881870174
13.463,-0.0010976241616258361,2,0.010954703511313625,0.18608240044684815,0.7515577767258185
13.495,-0.0010367637063201478,2,0.0019018892283027599,0.18604825024096103,0.7575118671368234
13.527,-0.0009722664621225757,2,0.002015538881174125,0.18601610575826594,0.763464896832811
13.559,-0.0008797070657009867,2,0.0028924811381746537,0.18598647418182077,0.7694169381118524
13.575,-0.0009123097937603734,2,-0.002037670503711668,0.18597213804694507,0.7723926070096825
13.607,-0.0007451070314587194,2,0.005225086321926685,0.18594561937774157,0.7783432911284774
13.639,-0.0008620931721973861,2,-0.003655816898083332,0.18591990417448306,0.7842931395053131
13.671,-0.000770516836892568,2,0.002861760478275563,0.18589378241433763,0.7902421584907342
13.687,-0.000791058820877974,2,-0.0012838739990878717,0.18588128980907545,0.7932163590685215
13.719,-0.0022880697643523906,2,-0.04678159198357548,0.18583202375171176,0.799163772085494
13.751,-0.0036193112618432867,2,-0.04160129679659046,0.18573750565529262,0.8051088845560062
13.783,-0.005097497750513262,2,-0.04619332777093669,0.18559803671109493,0.8110502532338684
13.799,-0.0050092500063626776,2,0.005515484009411528,0.18551718272903991,0.8140191749893895
13.831,-0.004978149094028619,2,0.0009719035104393172,0.18535738434343366,0.819953168062549
13.863,-0.004598202295758528,2,0.011873337445940347,0.18520416272119705,0.8258821528155831
13.895,-0.004440739036684946,2,0.004920726846049436,0.18505953965987795,0.8318063720536802
13.927,-0.004076136348627048,2,0.011393834001809286,0.18492326965371297,0.8377260970026977
13.959,-0.004131071369507397,2,-0.0017167194025108905,0.18479195433022283,0.8436415405864407
13.991,-0.003879126398859338,2,0.007873280332751835,0.18466379116592896,0.8495528325143791
14.007,-0.003946676044788426,2,-0.004221852870568001,0.18460118474637977,0.8525069523216775
14.039,-0.0038307860882724233,2,0.003621561141125084,0.18447674535225078,0.8584121992032556
14.071,-0.003660181395000326,2,0.005331396664753035,0.18435688987251841,0.8643135373668519
14.103,-0.0033966950718320593,2,0.008233947599008327,0.18424397984904908,0.870211151282397
14.119,-0.003313160394403651,2,0.005220917339275508,0.1841903010053192,0.873158625529232
14.151,-0.003231972535294933,2,0.002537120597147439,0.184085578878444,0.8790510396073722
14.183,-0.0028452879771879644,2,0.012083892440842759,0.18398834271024428,0.8849402223527912
14.215,-0.0029212029702519807,2,-0.0023723435332505065,0.18389607885508524,0.8908263730978365
14.247,-0.004369558760802295,2,-0.04526111845469729,0.18377942666738836,0.8967091811861961
14.279,-0.0057430958456778265,2,-0.04292303390236032,0.1836176241936847,0.9025875339999733
14.311,-0.005514952173663625,2,0.007129489750443785,0.1834374954253752,0.9084604159138783
14.327,-0.005551911750346514,2,-0.002309973542680532,0.18334896051398314,0.9113947075613932
14.359,-0.005120400490259684,2,0.013484726877713411,0.18317820351813344,0.9172591421859071
14.391,-0.004775754180610745,2,0.010770197176529333,0.1830198650433995,0.9231183112828917
14.423,-0.004508951241541995,2,0.008337591845898426,0.18287130975664506,0.9289725700796924
14.455,-0.0045788513105349815,2,-0.0021843771560308154,0.18272590491581184,0.9348221255144517
14.487,-0.00452602850303379,2,0.0016507127344122451,0.18258022683879474,0.9406670236225254
14.503,-0.004540202119868317,2,-0.0008858510521579473,0.18250769699381153,0.9435877270131863
14.535,-0.004345183148486906,2,0.0060943428556690885,0.18236553082951784,0.9494256986583596
14.567,-0.004409849426442011,2,-0.002020821186097023,0.18222545030831896,0.9552591543565649
14.599,-0.004389811847288462,2,0.000626174348548392,0.18208465572793928,0.961088116053145
14.631,-0.0042969335407318544,2,0.0029024470798939845,0.18194566780173096,0.9669126012296198
14.663,-0.003910023357926489,2,0.012090943212667656,0.18181435649135244,0.9727327616183091
14.695,-0.0038797293180057382,2,0.0009466887475234644,0.1816897204485375,0.9785488268493474
14.727,-0.0038309154512621083,2,0.0015254333357384354,0.18156635013222922,0.9843609239786397
14.743,-0.0034816251399669533,2,0.021830644455947165,0.18150784980749937,0.9872655175781575
14.775,-0.003413081734680374,2,0.0021419814152056037,0.181397534497505,0.9930720037270376
14.807,-0.0032861148885993813,2,0.003967713940031017,0.18129034735153254,0.9988750098366223
14.839,-0.0031512414955352994,2,0.004214793533252556,0.18118734964938638,1.004674652988637
14.855,-0.003118862139987768,2,0.002023709721720713,0.1811371888203022,1.0075732492963945
14.887,-0.003018958947915599,2,0.003121974752255281,0.18103898368289573,1.0133680680564456
14.919,-0.002972252789790724,2,0.0014595674414023371,0.18094312429509243,1.0191597817840934
14.951,-0.004323111685585093,2,-0.042214340493574,0.18082639846348642,1.0249480941482307
14.983,-0.005667720405779161,2,-0.042019022506064596,0.1806665451500246,1.030731981246047
15.015,-0.005540280425166289,2,0.003982499394152252,0.18048721713672947,1.036510441442635
15.047,-0.005385737396964775,2,0.004829469631297311,0.18031240085157538,1.0422832353304479
15.079,-0.005046545286774312,2,0.01059975344345196,0.18014548432863556,1.0480505614933313
15.111,-0.004943363019644046,2,0.0032244458478208125,0.17998564579573287,1.0538126595753212
15.143,-0.0046831181216444966,2,0.008132653062485914,0.17983162209747225,1.0595697358616125
15.175,-0.004367705625756477,2,0.00985664049650059,0.17968680891751385,1.0653220307578524
15.207,-0.0041747509283040045,2,0.006029834295389773,0.17955012961264888,1.071069821774335
15.239,-0.005643126444743917,2,-0.04588673488874723,0.1793930435746801,1.0768129125453323
15.271,-0.005430951285613727,2,0.006630473722818436,0.17921585833099438,1.082550654975823
15.303,-0.005319063874922727,2,0.0034964815840937487,0.1790438580884258,1.0882828104385338
15.319,-0.006182477693919799,2,-0.05396336368731695,0.17895184575587506,1.0911467760692881
15.351,-0.005502599478055047,2,0.021246194245773467,0.17876488452112346,1.09687024375372
15.383,-0.00544231729946084,2,0.0018838180810690772,0.1785897658526832,1.1025879181597007
15.415,-0.00684354636446614,2,-0.04378840828141559,0.17839319203406037,1.1082996454858887
15.447,-0.006844114590519101,2,-1.7757064155014806e-05,0.1781741894587806,1.114004723589774
15.479,-0.006372482457029809,2,0.014738504171540366,0.17796272390601983,1.119702914203611
15.511,-0.006205112615215731,2,0.005230307556689912,0.1777614823848639,1.1253945015042652
15.543,-0.005716516911937166,2,0.015268615727455151,0.17757073631242945,1.131079817003422
15.575,-0.005744765063743332,2,-0.0008827547439426996,0.17738735580081857,1.136759146477234
15.607,-0.005618518940750109,2,0.003945191343538223,0.17720554325674667,1.142432632862155
15.639,-0.0052818922066681685,2,0.010519585440060637,0.177031136678388,1.148100419741117
15.671,-0.00507888041982732,2,0.006344118338776523,0.17686536431636407,1.1537627637570331
15.703,-0.00502256590385004,2,0.001759828624289999,0.17670374117518522,1.1594198694448978
15.735,-0.0049705672572860765,2,0.0016249577051238456,0.17654385104460704,1.1650718309204144
15.751,-0.004697688443202515,2,0.01705492588022259,0.17646650499900313,1.1678959137687632
15.783,-0.004664180182187165,2,0.0010471331567296792,0.1763167151009969,1.1735404452903633
15.815,-0.004412683510457257,2,0.007859270991559622,0.1761714852819146,1.17918025649649
15.847,-0.004436132139755796,2,-0.0007327696655793491,0.1760299042315112,1.1848154787287049
15.879,-0.0044496406830337315,2,-0.00042214197743548114,0.17588773186634654,1.1904461609062706
15.911,-0.004323899753141645,2,0.003929404059127688,0.17574735521936774,1.196072322299642
15.943,-0.004073796397674644,2,0.007815729858343777,0.17561299208095468,1.2016940878564473
15.975,-0.0038521614171708046,2,0.006926093140744983,0.17548617675591716,1.2073116745578372
16.007,-0.0037342720152521783,2,0.0036840438099568656,0.17536479382099837,1.2129252900870682
16.039,-0.003730291833546815,2,0.00012438067829260025,0.17524536079941758,1.2185350525609948
16.055,-0.003277388501823429,2,0.028306458232714736,0.17518929935673463,1.2213385298422437
16.087,-0.003414716793557364,2,-0.004291509116685455,0.17508222567200854,1.2269428742427035
16.119,-0.0032039604407342777,2,0.0065861360257214365,0.17497632683625988,1.232543811082836
16.151,-0.004505843641439657,2,-0.040683850022043076,0.1748529699709451,1.2381410798317511
16.167,-0.005939477789364191,2,-0.0896021342452733,0.17476940739949867,1.240938058850715
16.215,-0.005877193265724279,2,0.0012975942424982123,0.17448580729417656,1.249320184003363
16.231,-0.00566909156431164,2,0.013006356338288451,0.17439343701553628,1.252111217957841
16.263,-0.005161572016437254,2,0.015859985871074553,0.1742201463982443,1.2576890352924617
16.295,-0.004938537590297137,2,0.00696982581687864,0.17405854464453654,1.2632614943491463
16.327,-0.004743354246161749,2,0.006099479504230882,0.17390363437515322,1.2688288892134614
16.359,-0.004652468053627717,2,0.002840193516688504,0.17375330121835658,1.2743914001829575
16.391,-0.006119301551303611,2,-0.04583854680237674,0.1735809529046777,1.2799487482489253
16.423,-0.0074284605491476904,2,-0.04091121868262745,0.17336418871107048,1.2854998705147773
16.439,-0.007108627144469391,2,0.019989587792391503,0.17324789200952154,1.2882727671605423
16.471,-0.0068447369797573,2,0.008246567647252819,0.17302463818353392,1.293813127643631
16.503,-0.006598478096935225,2,0.007695590088189839,0.17280954674230684,1.2993464746024446
16.535,-0.006433387374836466,2,0.0051590850655862126,0.17260103689475847,1.3048730439406375
16.567,-0.006367937962766947,2,0.002045294127172484,0.1723962156893568,1.3103929999819834
16.599,-0.00629725795335084,2,0.0022087502942533363,0.17219357255469891,1.3159064365938884
16.631,-0.005957069462675841,2,0.010630890333593705,0.1719975033160425,1.3214134938078204
16.647,-0.005849694581962189,2,0.0067109300446039685,0.1719030492036854,1.3241646982279778
16.679,-0.00551776491916775,2,0.010372801962326211,0.17172116985166733,1.3296626857328635
16.711,-0.005295386869609543,2,0.006949314048693963,0.17154815942304688,1.335154995001259
16.743,-0.00511405817278714,2,0.005666521775700098,0.17138160830236854,1.3406418712848656
16.775,-0.005070463279154062,2,0.0013623404260336932,0.1712186559591375,1.3461234755130496
16.807,-0.005006875287265032,2,0.0019871247465321736,0.1710574185420748,1.351599892705069
16.839,-0.004613835006037924,2,0.012282508788347125,0.17090348717738194,1.3570712671965803
16.871,-0.004391017046081313,2,0.006963061248644084,0.17075940954454802,1.3625378735441311
16.887,-0.004269587554090935,2,0.007589343249397793,0.17069012470774664,1.3652694698181498
16.919,-0.004192712275393817,2,0.002402352459284936,0.17055472791047488,1.3707293874600412
16.951,-0.003867778779490849,2,0.010154171746967724,0.17042576005359672,1.3761850752674665
16.983,-0.003816464164287131,2,0.0016035817251161876,0.17030281216649626,1.381636732422988
16.999,-0.0036235332170059947,2,0.012058184205072351,0.1702432921874459,1.3843611012578192
17.031,-0.003622163440701001,2,4.280550953104918e-05,0.1701273610409226,1.389807031709473
17.047,-0.003593897724058489,2,0.0017666072901568169,0.1700696325516045,1.3925286076582135
17.079,-0.0034413395566129726,2,0.004767442732672381,0.16995706875511377,1.397969034879121
17.111,-0.0033995294024343307,2,0.0013065673180825564,0.169847614851769,1.403405909816831
17.143,-0.003054363729602008,2,0.01078642727601007,0.1697443525616564,1.4088393812954458
17.175,-0.0027962709705437044,2,0.008065398720571985,0.16965074240645406,1.4142697028149356
17.207,-0.002453122550788722,2,0.010723388117343186,0.16956675211011274,1.4196971827272007
17.223,-0.0020974797916721057,2,0.022227672444790982,0.16953034729137306,1.4224099595224122
17.255,-0.0019362999967289622,2,0.005036868591973228,0.16946580681475865,1.4278338979881104
17.271,-0.0018394764415131937,2,0.006051472200984857,0.16943560060325272,1.4305451092474548
17.303,-0.003167822901452566,2,-0.04151082687310535,0.16935548381376528,1.4359657665981271
17.335,-0.004546913248274203,2,-0.04309657333817611,0.16923204803536965,1.4413831671077133
17.367,-0.006202529635196127,2,-0.05173801209131007,0.16906005694923412,1.446795840787467
17.399,-0.00743664424757751,2,-0.03856608163691819,0.16884183016710974,1.4522022709813285
17.431,-0.00908869591676557,2,-0.051626614662126855,0.16857742472448026,1.4576009790595938
17.463,-0.01039456168696324,2,-0.04080830531867713,0.1682656926028206,1.4629904689368307
17.495,-0.011807202928388074,2,-0.044145038794526026,0.16791046436897497,1.4683692874483794
17.527,-0.013193494088596828,2,-0.04332159875652352,0.16751045321670321,1.4737360221297502
17.543,-0.014508491448442355,2,-0.08218733499035447,0.16728883733240693,1.4764144164541428
17.575,-0.015984207298391468,2,-0.04611612031090976,0.1668009541524576,1.4817598531179006
17.607,-0.017488458295585714,2,-0.047007843662320144,0.16626539150295397,1.4870889146483872
17.639,-0.019314531942915658,2,-0.0570648014790607,0.16567654365913795,1.4923999856109806
17.655,-0.021780634508995304,2,-0.15413141037996064,0.16534778232752262,1.4950481802188742
17.687,-0.02444837996806355,2,-0.08336704559588257,0.16460811809588968,1.5003274746256487
17.719,-0.02790383480396992,2,-0.10798296362207403,0.16377048265953714,1.5055815322377355
17.751,-0.03178494198787885,2,-0.121284599497154,0.16281546223086757,1.510806907355982
17.783,-0.03576836865860159,2,-0.1244820834600855,0.16173460926052388,1.5159997084998442
17.815,-0.0397478917189717,3,-0.12436009563656585,0.1605263490944827,1.5211558838335244
17.847,-0.04405488567433862,3,-0.13459356110521611,0.15918550465618975,1.526271273493535
17.863,-0.04791139659355899,3,-0.24103193245129947,0.15844977439804664,1.5288123557259687
17.895,-0.05178007959568803,3,-0.12089634381653254,0.1568547107790187,1.5338572274888018
17.927,-0.05603908702752336,3,-0.13309398224485383,0.1551296041130473,1.538848976527075
17.959,-0.06063919260955888,3,-0.1437532994386098,0.15326275163885397,1.5437832542191054
17.991,-0.06560336532281857,3,-0.1551303972893654,0.15124287071193593,1.5486553441767181
18.023,-0.07084888984772156,3,-0.1639226414032181,0.1490596346292073,1.5534601842621765
18.039,-0.07616013727488917,3,-0.33195296419793857,0.14788356241222628,1.5558357298385082
18.071,-0.08083940061319729,3,-0.14622697932212864,0.1453715698060169,1.560527811954
18.103,-0.08623884790656974,3,-0.168732727917889,0.14269831782970063,1.5651369301561715
18.135,-0.09137641574895841,3,-0.16054899507464573,0.13985647361121217,1.5696578068192262
18.167,-0.0957851361216644,3,-0.1377725116470618,0.1368618887812822,1.5740853006175062
18.199,-0.09989745067475046,3,-0.12850982978393954,0.13373096739253956,1.5784147863162874
18.231,-0.10415077278623139,3,-0.13291631598377882,0.13046619581716384,1.5826419409276427
18.263,-0.108279554618158,3,-0.1290244322477064,0.1270673105786936,1.5867624770299764
18.279,-0.11208765877398977,3,-0.23800650973951187,0.12530437287155663,1.5887814504975781
18.311,-0.11519672392732917,3,-0.09715828604185632,0.12166782274833551,1.5927330056274964
18.343,-0.11828430199633694,3,-0.09648681465649259,0.11793212633355685,1.5965666048128067
18.375,-0.12116463478743983,3,-0.09001039972196526,0.11410094334501641,1.6002791339276639
18.391,-0.1242518366199944,3,-0.19295011453468155,0.11213761157375715,1.6020890423670138
18.407,-0.12782309383788723,3,-0.22320357611827735,0.11012101213009387,1.6038671113566447
18.439,-0.13140828593791873,3,-0.11203725312598421,0.10597331005368096,1.6073246205115852
18.455,-0.1348562215875948,3,-0.2154959781047785,0.10384319399347708,1.6090031525439623
18.471,-0.1376089932170941,3,-0.17204822684368706,0.10166347227503933,1.6106472058741106
18.503,-0.13973494504307313,3,-0.06643599456184439,0.09722596926287666,1.6138294369387172
18.519,-0.14097859787120606,3,-0.077728301758317,0.09498026091956269,1.6153670867801766
18.535,-0.14182346597450704,3,-0.05280425645630518,0.09271784440879674,1.6168686716228036
18.567,-0.1417214418416158,3,0.003188254152850994,0.08818112588373878,1.6197630551474842
18.583,-0.141518588851068,3,0.01267831190923976,0.08591520563819756,1.6211558257996594
18.599,-0.14101799565432452,3,0.03128707479646376,0.08365491296215416,1.6225123867484623
18.631,-0.14017829553557098,3,0.0262406287110479,0.07915577230311582,1.6251173577127067
18.647,-0.13943210347518292,3,0.04663700377425903,0.07691888911103004,1.6263659550040197
18.679,-0.13834918386288655,3,0.03384123788426147,0.07247438851362092,1.6287562474460142
18.695,-0.13731601231594956,3,0.06457322168355496,0.07026906694419,1.629898195089677
18.727,-0.1363555128259925,3,0.030015609061157807,0.06589032254191891,1.6320767453214546
18.759,-0.13545300590001044,3,0.028203341436939543,0.06154138624230286,1.6341156526620022
18.775,-0.13473533178611793,3,0.04485463211828669,0.05937987954081407,1.6350830227882671
18.807,-0.13389484557533451,3,0.026265194086981847,0.05508179670303083,1.6369144096081687
18.823,-0.13304217493674594,3,0.05329191491177971,0.052946300538933955,1.6377786343861045
18.855,-0.13190381527639847,3,0.03557373938585861,0.048707164695523636,1.6394050898298558
18.871,-0.13073821571727856,3,0.07284997244500217,0.04660602844757446,1.6401675953750006
18.903,-0.12938941427554962,3,0.042150045054029396,0.0424439863676892,1.6415923956120448
18.951,-0.12822899847260943,3,0.024175329227919595,0.03626114446173315,1.643481318751951
18.967,-0.1268884232854237,3,0.08378594919911685,0.03422020508766911,1.6440451695483462
18.999,-0.12543939179354713,3,0.045282234121143225,0.03018296004640557,1.6450756201904915
19.015,-0.12422468984798407,3,0.07591887159768257,0.02818564739327309,1.645542569050009
19.054,-0.12265912556731844,3,0.040142673863223545,0.023371412992674943,1.6465479317275349
19.07,-0.12126704461099903,3,0.08700505976995292,0.021420003631248186,1.6469062630605262
19.102,-0.11826584489604715,3,0.09378749109224634,0.017587477399135444,1.6475303827570125
19.134,-0.11531037680135171,3,0.09235837795923225,0.013850257851977056,1.6480333865210304
19.166,-0.11265959215842188,3,0.08283702009155736,0.010202738348620677,1.6484182344602398
19.198,-0.10978868410701112,3,0.08971587660658605,0.006643565928373743,1.6486877753286717
19.23,-0.10723663578850469,3,0.07975150995332589,0.003171160810045489,1.6488448109564864
19.246,-0.10444845548965828,3,0.17426126867791963,0.0014776800798203698,1.6488820016836052
19.262,-0.10173082200491687,3,0.16985209279631916,-0.00017175414013641558,1.6488924490911228
19.278,-0.09940169207429088,3,0.14557062066414053,-0.0017808142527698956,1.6488768285439794
19.31,-0.09672020883440235,3,0.0837963512465163,-0.004918764667308988,1.6487696352812582
19.326,-0.09438571450975851,3,0.14590589529022405,-0.006447612054062447,1.6486787042674873
19.374,-0.09187876877939583,3,0.05222803604922446,-0.01091795965300199,1.6482619305465178
19.406,-0.08968937989088001,3,0.06841840276611921,-0.013823050031726406,1.647866074391562
19.438,-0.08741734294546917,3,0.07100115454408862,-0.016656757597107996,1.6473783974695007
19.454,-0.08535989994053436,3,0.12859018780841114,-0.018038975540196178,1.6471008316044022
19.486,-0.0829248981705321,3,0.07609380531257064,-0.020731532309973242,1.6464805034787995
19.518,-0.08093589163217751,3,0.06215645432358072,-0.0233533049468166,1.6457751460826908
19.566,-0.0788844412194631,3,0.042738550264885176,-0.027188992935255833,1.6445621309335212
19.582,-0.07706789005558312,3,0.11353444774248596,-0.028436611585456344,1.6441171260973555
19.63,-0.07509207272113881,3,0.041162861134257954,-0.03208845069209754,1.6426645246026943
19.646,-0.07347422211994076,3,0.10111566257486704,-0.033276981050826306,1.6421416011487509
19.678,-0.07150125077077227,3,0.06165535466151525,-0.03559658861707772,1.6410396240340643
19.71,-0.06980379507839278,3,0.05304549038685894,-0.03785746935066436,1.6398643591065805
19.742,-0.06807775591383193,3,0.053938723892526505,-0.04006357416653997,1.6386176224103053
19.774,-0.06634139583834506,3,0.054261252358964736,-0.0422142805945748,1.6373011767341275
19.806,-0.06469547495370362,3,0.05143502764504491,-0.04431087052724758,1.6359167743161782
19.838,-0.06298800041062462,3,0.05335857947121867,-0.04635380613307683,1.634466139489613
19.87,-0.06142764774709507,3,0.04876102073529845,-0.04834445650360035,1.632950967287426
19.886,-0.06007370271073682,3,0.08462156477239964,-0.0493164673072629,1.6321696798969392
19.918,-0.058412985893025016,3,0.05189740055349394,-0.05121225432492309,1.6305612203508242
19.966,-0.05682971246988229,3,0.03298486298213886,-0.05397807908563297,1.6280366523489707
19.982,-0.05522053569916704,3,0.10057354816971435,-0.05487448107098526,1.6271658318677178
20.014,-0.05392388232599729,3,0.04052041791155456,-0.056620791759387896,1.6253819075024318
20.046,-0.052522901621985585,3,0.043780647000365776,-0.058323940302555624,1.6235427917894407
20.078,-0.051248171741759344,3,0.039835308757070004,-0.059984277476375546,1.6216498603049778
20.094,-0.049805802599273565,3,0.0901480714053511,-0.0607927092711039,1.6206836444109978
20.126,-0.0487738780063116,3,0.032247643530061466,-0.062369984160793264,1.6187130413160875
20.158,-0.047569209753740724,3,0.037645882892839745,-0.0639114735649541,1.6166925379924755
20.174,-0.04634773372181525,3,0.07634225199535061,-0.06466280911275846,1.6156639437310538
20.19,-0.045247107191878064,3,0.06878915812106635,-0.06539556784006809,1.614623476715431
20.222,-0.044013421540795225,3,0.038552676596338674,-0.06682373629979087,1.6125079678491934
20.254,-0.04292354773210817,0,0.03405855652147038,-0.06771472780815732,1.6103553524234662
20.286,-0.04164588726464384,0,0.03992688960826031,-0.06856783876810536,1.608174831358246
20.318,-0.04056057714473402,0,0.033915941247181974,-0.0693831421986554,1.6059676156627778
20.35,-0.039573079774555875,0,0.03085929281806691,-0.07016528070936404,1.6037348408962495
20.382,-0.0385619094932845,0,0.03159907128973038,-0.07091544053764949,1.6014775493562974
20.414,-0.03762291241722528,0,0.029343658626850764,-0.07163439768821764,1.5991967519446835
20.446,-0.03650219199481208,0,0.03502251320041226,-0.07232039935881024,1.596893475191931
20.478,-0.035614790044385475,0,0.02773131095083149,-0.0729742710714374,1.5945687604650471
20.51,-0.034559433069722256,0,0.03297990545822555,-0.07359705864126312,1.592223619189644
20.526,-0.03359447021645462,0,0.060310178329233945,-0.07364228986755247,1.5910457044015736
20.558,-0.03283221081396062,0,0.023820606327937408,-0.07420511676403913,1.588680145895468
20.59,-0.03197853380169825,0,0.026677406633199,-0.07474208867788966,1.5862969906083972
20.622,-0.03130084886035997,0,0.021177654416821325,-0.0752545588004826,1.5838970442487432
20.638,-0.030253800239984464,0,0.06544053877346181,-0.07524699599328541,1.582693031810393
20.67,-0.029600414140555118,0,0.02041831560716703,-0.07570466342337404,1.5802778052597264
20.702,-0.028780983884132035,0,0.02560719551322134,-0.07613876579176904,1.577848310392284
20.734,-0.028120198191496148,0,0.02064955289487144,-0.07654918470497908,1.575405303184336
20.766,-0.027358698625574447,0,0.023796861435055768,-0.07693684705405211,1.5729495266761917
20.798,-0.02670226411037629,0,0.02051357859994235,-0.07730182245782732,1.5704817079640017
20.83,-0.025934706698158262,0,0.023986169131813388,-0.07764401399076389,1.5680025745808241
20.862,-0.025185115143636243,0,0.023424736078813086,-0.07796193114023259,1.5655128794587283
20.894,-0.02447477849057412,0,0.022198020408191358,-0.07825648943837996,1.5630133847294705
20.91,-0.023987514745424376,0,0.03045398407185548,-0.07814418778426799,1.5617621793116891
20.942,-0.023273105868373927,0,0.022325277407826524,-0.07840035771408876,1.5592574665837153
20.958,-0.02269136069299933,0,0.0363590734609164,-0.07826807344657971,1.55800411913443
20.99,-0.022004732587768524,0,0.021457128288462635,-0.078483210939072,1.5554960985842596
21.022,-0.021544616240503474,0,0.014378635852032801,-0.07868000052032435,1.5529814872009093
21.038,-0.020997655191322823,0,0.03418506557378687,-0.078520338691779,1.5517238844872123
21.086,-0.020539874620534675,0,0.009537095224753413,-0.07901723940726355,1.5479429826128355
21.102,-0.020074371800622465,0,0.029093926244509908,-0.07884215337863285,1.546680107470548
21.134,-0.01954512044024289,0,0.016539105011861698,-0.0789760652544867,1.5441550159724182
21.166,-0.019020414110068086,0,0.01639707281796261,-0.07909311380729167,1.5416259091074298
21.214,-0.018624494719178854,0,0.008248320643525969,-0.07949659161919356,1.5378197561771942
21.23,-0.018091663542005774,0,0.03330194857331373,-0.07929032088528307,1.5365494608771584
21.246,-0.017412990191316022,0,0.04241708441811422,-0.07907435811514961,1.5352825434451551
21.278,-0.01698854580587099,0,0.01326388704515727,-0.07912478269110461,1.532751357192255
21.294,-0.016505387670990072,0,0.030197383430053893,-0.07889273415891952,1.5314872170574547
21.326,-0.016149326159097643,0,0.011126922246638396,-0.07891520958020093,1.5289622899576287
21.358,-0.015693959584443008,0,0.014230205457957334,-0.07892470215209758,1.526436851369912
21.374,-0.01527363749305176,0,0.02627013071195588,-0.07867244292871751,1.5251760742092657
21.406,-0.014942558933406454,0,0.010346204988915805,-0.07865590207154084,1.5226588206892615
21.438,-0.014509213783839292,0,0.013542035923973813,-0.07862713043501678,1.5201422921691565
21.47,-0.014119033924367624,0,0.012193120608489625,-0.07858518239834808,1.5176268951638228
21.502,-0.01378077920609537,0,0.010570459946007922,-0.07853157940843548,1.5151130269749142
21.534,-0.013274591631816875,0,0.01581836169620294,-0.07846446534184208,1.5126010902589098
21.566,-0.012991851595285007,0,0.008835626141620864,-0.07838472843347571,1.5100915031585047
21.582,-0.0126623964209917,0,0.020590948393329464,-0.07808996241760595,1.508839705631696
21.598,-0.012293809621969534,0,0.02303667493888785,-0.07778961206594961,1.5075926690358277
21.63,-0.01198143123071842,0,0.009761824726597286,-0.07767801591959263,1.505105186988059
21.646,-0.011721819597897806,0,0.016225727051286637,-0.07736764192622157,1.5038648217252923
21.678,-0.011319191806100398,0,0.012582118493668991,-0.07723629810868554,1.5013911586847337
21.694,-0.011086298664851127,0,0.014555821328081016,-0.07691554203245313,1.5001579439636048
21.726,-0.010661054603672108,0,0.013288876911844313,-0.07676349968474949,1.4976990792961296
21.758,-0.010507585884961444,0,0.004795897459708254,-0.07660219793256763,1.4952452281342525
21.79,-0.009990759418763137,0,0.016150827068697082,-0.07643017145742723,1.4927967102240127
21.822,-0.009780733533067607,0,0.0065633089279853035,-0.07624651534465651,1.4903538832351795
21.854,-0.009391616562657558,0,0.01215990532531403,-0.07605327294618812,1.487917086622526
21.87,-0.009184322183665113,0,0.01295589868702638,-0.07570188045615872,1.486703045395307
21.886,-0.00907474228840089,0,0.006848743454014655,-0.07534795297193524,1.4854946467278822
21.918,-0.008756182119102524,0,0.009955005290573927,-0.0751332477624553,1.483086947516132
21.934,-0.008539195833677744,0,0.013561642839047226,-0.07477161078607755,1.4818877086477436
21.966,-0.00809948707604849,0,0.013740898675914204,-0.07453782971263317,1.4794987575997642
21.982,-0.007832027181175275,0,0.01671624342957777,-0.07416528182669095,1.4783091327074498
21.998,-0.007613105428181735,0,0.013682609562094683,-0.07378884288756582,1.4771254997097356
22.014,-0.007427549391158906,0,0.0115972523139281,-0.07340916812612053,1.4759479156216262
22.046,-0.007174480691058513,0,0.007908396878137273,-0.07314280060743601,1.4736030841218892
22.062,-0.00708756570892707,0,0.005432186383214553,-0.07275689697863591,1.4724358865412006
22.094,-0.006784993942146305,0,0.009455367711898909,-0.07247885793305309,1.4701121144626137
22.11,-0.006531598561786065,0,0.015837211272516735,-0.07208539067308453,1.4689556004737647
22.126,-0.006355607343111743,0,0.010999451167143896,-0.07168848832032372,1.4678054094418174
22.158,-0.006080957727751569,0,0.008582800480005441,-0.07138747336145754,1.4655161940549088
22.174,-0.0058866635462118365,0,0.012143386346234604,-0.07098321433164924,1.464377228553364
22.19,-0.005828430314175983,0,0.003639577002240444,-0.07057693508253235,1.4632447473580505
22.206,-0.00559199833632696,0,0.014776998615565548,-0.07016829851173637,1.4621187854892965
22.238,-0.0054237281028056555,0,0.0052584447975407645,-0.06984455013476248,1.4598785799109526
22.254,-0.005382097399097598,0,0.00260191898175333,-0.06943099673877771,1.458764375535964
22.286,-0.005194608322003077,0,0.005859033659203768,-0.06910022403031532,1.4565478760036585
22.318,-0.005032677699874848,0,0.0050603319415071365,-0.06876386060666537,1.4543420506494669
22.35,-0.004842383590578755,0,0.005946690915502919,-0.06842186158731263,1.4521470790943631
22.366,-0.0047724444146895785,0,0.004371198493073997,-0.06799878021135476,1.451055713959974
22.398,-0.0045630510095873295,0,0.006543543909445277,-0.0676481481381432,1.448885363106382
22.414,-0.004347143625302401,0,0.013494211517806495,-0.06721942969522232,1.447806422483715
22.446,-0.004176540351351475,0,0.005331352310966441,-0.06685580863884878,1.44566121867037
22.478,-0.003926268754555137,0,0.007820987399885551,-0.06648545358454329,1.4435277584747956
22.51,-0.0037269500498858105,0,0.0062287095209164565,-0.06610790508541434,1.4414062647360764
22.526,-0.0034904236288643385,0,0.014782901313843626,-0.06566564407484433,1.4403520763427944
22.558,-0.0034213954109641037,0,0.002157131809382336,-0.06527623317948159,1.4382570063067253
22.59,-0.00326630494957,0,0.004846576918565732,-0.06488323638525013,1.4361744547936897
22.622,-0.003201898618034993,0,0.0020126978604689755,-0.06448672764233182,1.4341045353692483
22.654,-0.0030862989394884396,0,0.0036124899545797854,-0.0640873388032522,1.432047350306119
22.686,-0.0030745750741615063,0,0.00036637079146666573,-0.0636859127874706,1.4300029782806676
22.718,-0.0029778420010690525,0,0.0030229085341391803,-0.06328275146067429,1.4279714796526972
22.75,-0.0028494340413702385,0,0.004012748740587934,-0.06287598787735332,1.4259529398232889
22.766,-0.0025226833738004814,0,0.020421916723112065,-0.06241896481667468,1.4249505802017368
22.798,-0.00243109655776675,0,0.002862088001054101,-0.06199822529557976,1.4229599051599406
22.83,-0.0022800256360347576,0,0.004720966304124761,-0.06157360325068058,1.4209827559032004
22.862,-0.0022593051494279176,0,0.0006475152064637496,-0.06114623254324798,1.4190192385304976
22.894,-0.002147245916239226,0,0.0035018510371466137,-0.06071673736029866,1.4170694310120409
22.926,-0.0021479293721535613,0,-2.135799732298075e-05,-0.06028546016491294,1.4151333958516374
22.958,-0.001962832975123445,0,0.005784262407191129,-0.05985123236246938,1.4132112087711994
22.974,-0.0019890580296516303,0,-0.0016390659080113977,-0.05938284749050758,1.4122573361323756
23.006,-0.001803053826013517,0,0.005812631363691037,-0.058943521280198224,1.4103641142320442
23.038,-0.001880807247769123,0,-0.002429794429862685,-0.058502463057378745,1.408484978482643
23.07,-0.001636129761361748,0,0.007646171450230458,-0.05805873404952484,1.4066199993289326
23.102,-0.0016079278416737362,0,0.0008813099902503673,-0.05761063897117341,1.4047692893606014
23.134,-0.0014874852696588822,0,0.003763830375464184,-0.05716016558095473,1.4029329564877673
23.166,-0.001561373459669245,0,-0.002309005937823833,-0.05670894732062398,1.401111050681342
23.182,-0.0014530398703498197,0,0.006770849332464824,-0.05623306262726413,1.400207514601759
23.214,-0.0014501938762700034,0,8.893731499425963e-05,-0.05577951436721004,1.3984153133698474
23.246,-0.0013388216988158876,0,0.003480380545441117,-0.05532413861641142,1.3966376549221093
23.262,-0.0011922360818345627,0,0.009161601061331777,-0.05484438707865662,1.3957563067165486
23.294,-0.0011942140715531374,0,-6.181217870545886e-05,-0.05438257028111082,1.3940086753987924
23.326,-0.001053842142019392,0,0.004386622797929539,-0.05391853918052798,1.3922758576474061
23.358,-0.0010432887775723675,0,0.0003297926389695183,-0.05345209327524145,1.390557927528114
23.374,-0.0007906835541045786,0,0.015787826466738545,-0.05296676505389486,1.389706576661481
23.406,-0.0007576140724941324,0,0.0010334213003264404,-0.05249153781592043,1.3880192438155639
23.438,-0.0006934807673983842,0,0.00200416578424213,-0.05201475533335871,1.3863471431251755
23.47,-0.0006916697923888375,0,5.659296904833486e-05,-0.05153691774231531,1.3846903163559647
23.502,-0.0005871160808444617,0,0.0032673034857617403,-0.05105737831628704,1.383048807619027
23.534,-0.0006568603342655722,0,-0.0021795079194097027,-0.0505772819389288,1.3814226530549436
23.566,-0.0005602656745938468,0,0.003018583114741417,-0.05009675595507054,1.3798118684486396
23.598,-0.000600301714616034,0,-0.0012511262506933486,-0.049615325033297894,1.3782164751528256
23.63,-0.0005451691768067236,0,0.0017228918065409478,-0.04913365256756065,1.376636491511212
23.662,-0.0005135687809293236,0,0.0009875123711687488,-0.04865059237488442,1.3750719435921328
23.694,-0.0005728897137087831,0,-0.0018537791493581056,-0.04816797571079863,1.3735228465027618
23.726,-0.0005355576942699947,0,0.001166625607462137,-0.047685710869326284,1.37198918751748
23.758,-0.0005527066343313063,0,-0.0005359043769159869,-0.047203123098583905,1.3704709661739933
23.774,-0.000567121008673576,0,-0.0009008983963917601,-0.046712081719727946,1.3697196445354467
23.806,-0.0005014928104287442,0,0.0020508811951509944,-0.04622917954083358,1.3682325843552776
23.838,-0.0004258490903414694,0,0.0023638662527273343,-0.045744017011245905,1.3667610132104444
23.87,-0.0003145136307032906,0,0.003479233113693085,-0.045255862814782624,1.365305015133228
23.886,-0.0003129742325503511,0,9.621238455872883e-05,-0.044760882717688646,1.3645848811689683
23.918,-0.00018404333773223286,0,0.004029090463066191,-0.044268834998813164,1.3631604056855042
23.95,-0.00025853989913367584,0,-0.002328017543795091,-0.043775916330603015,1.3617516896642337
23.982,-0.00019732895126086877,0,0.001912842121025219,-0.043283210232209324,1.3603587436392286
23.998,-0.00010580881464527375,0,0.005720008538474049,-0.042785635334336575,1.3596701928746961
24.03,-5.485439163480793e-05,0,0.0015923257190770554,-0.04228820594563705,1.3583090114142167
24.062,-0.00013898519420913608,0,-0.0026290875804477524,-0.04179130737901056,1.3569637392010223
24.094,-0.00013016800093629266,0,0.00027553728977635646,-0.04129561383013289,1.355634348461676
24.126,-0.00030701027480650733,0,-0.005526321058444203,-0.040802608682544775,1.3543207769014731
24.158,-0.00017880937065892916,0,0.0040062782546118145,-0.04031038179687223,1.3530229690538025
24.19,-0.0016405084239114916,0,-0.045678095414142535,-0.03983949088158535,1.3517405710909471
24.222,-0.003249947339407748,0,-0.05029496610925797,-0.039417738173798456,1.350472455426061
24.254,-0.00469009333753009,0,-0.04500456244132315,-0.039044778824629464,1.349217055154086
24.27,-0.006282848968791509,0,-0.09954722695384968,-0.038632562363080034,1.3485956364245846
24.302,-0.007890789645700107,0,-0.05024814615339362,-0.038359340580911894,1.3473637659774806
24.334,-0.009770157610319331,0,-0.05873024889435072,-0.0381419157370082,1.346139745876394
24.366,-0.011512142743157674,0,-0.05443703540119815,-0.03798243254266384,1.3449217563039193
24.398,-0.013545179733101698,0,-0.06353240593575071,-0.03788334970228399,1.3437079037880002
24.43,-0.01551022367802003,0,-0.06140762327869784,-0.037848236156861934,1.3424961984142538
24.446,-0.017796953470582362,0,-0.1429206120351297,-0.037614693574050784,1.3418924949764064
24.478,-0.019701645004118626,0,-0.059521610423008194,-0.037714671149645995,1.3406872251408273
24.51,-0.022066744780142415,0,-0.07390936800074335,-0.03788296538619418,1.339477662956254
24.542,-0.02163552736149072,0,0.013475544332865434,-0.038082201740460314,1.3382622202822274
24.558,-0.02128128258372415,0,0.022140298610413063,-0.037925536220021996,1.3376541583785435
24.59,-0.020514012539693274,0,0.023977188875964874,-0.03809426094199668,1.3364378416239513
24.622,-0.01990886403419455,0,0.01891089079683517,-0.03824102696717889,1.3352164770174044
24.654,-0.01934058575792253,0,0.017758696133500534,-0.03836901816385277,1.333990716295308
24.686,-0.01882107355477159,0,0.01623475634846687,-0.03847960471285587,1.3327611383292806
24.718,-0.01833868968248313,0,0.01507449600901435,-0.03857416092465195,1.3315282780790805
24.75,-0.017820790625743835,0,0.016184345523102987,-0.038652712609583584,1.3302926481025328
24.782,-0.017378873734707482,0,0.013809902844886014,-0.03871590723935081,1.32905475018495
24.814,-0.016938736102084018,0,0.013754301019483243,-0.03876498899673947,1.3278150558451725
24.846,-0.016581517147572986,0,0.011163092328469744,-0.03880131304873398,1.3265739950124449
24.878,-0.016034662013211187,0,0.017089222948806184,-0.03882317191530653,1.3253320032530203
24.894,-0.01568317353203108,0,0.021968030073759085,-0.038576914599668444,1.3247128025609005
24.926,-0.015423704044778065,0,0.008108421476656734,-0.03857462464089739,1.3234783779330515
24.958,-0.015031106172881434,0,0.012268683496769708,-0.038561901604379945,1.322244193513127
24.99,-0.014739206470696327,0,0.009121865693284582,-0.03853822660667719,1.32101059146175
25.022,-0.014312429762890384,0,0.013336772118935693,-0.03850305278641458,1.3197779309914606
25.054,-0.013690225251299603,0,0.0194438909872119,-0.038451095266641616,1.3185466646226116
25.07,-0.013337011214039043,0,0.022075877328782544,-0.038167313158364344,1.3179337173552115
25.102,-0.013058000355336781,0,0.008719089334445672,-0.03808963334347436,1.3167136062111822
25.134,-0.012666390194164774,0,0.012237817536625204,-0.038001223592266375,1.3154961525002102
25.166,-0.012269599135723189,0,0.012399720576299534,-0.0379001994215446,1.3142817297319893
25.182,-0.011894853888510144,0,0.023421577950817854,-0.037593515045738435,1.3136777800162511
25.214,-0.011671042618337468,0,0.006994102192896142,-0.037470569389847996,1.3124767546652818
25.246,-0.011262512286584772,0,0.012766572867271722,-0.03733750626832677,1.311279825454751
25.278,-0.010933345238701066,0,0.010286470246365793,-0.037192639988731346,1.3100873431146383
25.31,-0.010675070186261272,0,0.008071095388743565,-0.037038374635530724,1.30889964688065
25.342,-0.01032775519397873,0,0.010853593508829433,-0.036874419841614575,1.3077170421690156
25.374,-0.010091239871748453,0,0.007391103819696144,-0.03670112376266621,1.3065398334713472
25.406,-0.009832567681954948,0,0.008083505931047032,-0.03651990468352545,1.3053682970162082
25.438,-0.009537602731684105,0,0.009217654695963832,-0.03632982741014368,1.3042027013027095
25.47,-0.009207508869768195,0,0.010315433184872186,-0.03612974919576692,1.303043348077015
25.502,-0.008947445075543563,0,0.008126993569519738,-0.03592022845889192,1.3018905484345404
25.518,-0.008734239241629811,0,0.013325364619607982,-0.03556168193342932,1.3013186931514018
25.55,-0.008485481466973314,0,0.007773680458015538,-0.03533719746476696,1.3001843110810307
25.582,-0.008218747889933861,0,0.008335424282482885,-0.035104465134477486,1.2990572444794428
25.614,-0.008013343227511929,0,0.006418895700685387,-0.034864178592356604,1.2979377461798134
25.646,-0.0077942416532405,0,0.00684692419598213,-0.03461709995044865,1.2968260457231284
25.678,-0.007563542316533646,0,0.007209354272089189,-0.03436282449396505,1.2957223669320177
25.71,-0.00731824187724843,0,0.007665638727663,-0.03410093304106557,1.2946269468114573
25.726,-0.00705887261583445,0,0.01621057883837551,-0.033715949957010216,1.2940844117474728
25.758,-0.006839119867994386,0,0.006867273370002004,-0.03343831783675147,1.2930099434627726
25.79,-0.006533506988218203,0,0.009550402493005702,-0.03315227986645089,1.2919444938995215
25.806,-0.006355098739867601,0,0.011150515521911373,-0.03275538871227557,1.2914172325508917
25.854,-0.006204123273545706,0,0.003145322215039601,-0.03255681004059749,1.2898497397808228
25.886,-0.005890674217230347,0,0.009795283009854959,-0.0322503268004499,1.288812825591366
25.918,-0.005747868036696746,0,0.004462693141675019,-0.03193654347651273,1.2877858356669345
25.934,-0.005808397312875652,0,-0.0037830797611812187,-0.03152899359930933,1.2872781113703278
25.966,-0.0055023621540501305,0,0.009563598713297549,-0.03120996575078014,1.2862742880207263
25.998,-0.005537014142740836,0,-0.001082874646584556,-0.030886595771528774,1.2852807430363693
26.014,-0.005319651595692209,0,0.013585159190540704,-0.03047344909743624,1.2847898626774177
26.046,-0.005074495061103617,0,0.007661141705893493,-0.030139755443944954,1.2838200514047555
26.078,-0.0048636642922184475,0,0.00658846152766154,-0.029798765993598125,1.2828610350617549
26.11,-0.004672828666646908,0,0.005963613299110599,-0.029451349880939975,1.2819130332077622
26.142,-0.004532253441221951,0,0.0043929757945299,-0.02909863119466588,1.2809762335105526
26.174,-0.004410802355660687,0,0.003795346423789513,-0.02874172008741599,1.2800507878900393
26.19,-0.004256604489789012,0,0.009637366616978591,-0.02831105934217959,1.2795943656546025
26.222,-0.004069111221938954,0,0.0058591646203143225,-0.027944270793567233,1.2786942803724306
26.254,-0.003979131896429743,0,0.0028118539221628196,-0.02757304268346114,1.2778060033567982
26.27,-0.003916932967495405,0,0.00388743305839659,-0.02713621120237253,1.2773683293257116
26.318,-0.0039052916483900794,0,0.00024252748136093313,-0.026823944593153792,1.276073285586619
26.35,-0.003613229097123579,0,0.009126954727078128,-0.02644424092508199,1.2752209946183273
26.366,-0.0034284556999994026,0,0.011548337320262302,-0.026000574403458987,1.274801436095699
26.398,-0.003483654650885345,0,-0.0017249672151856941,-0.025611168169073134,1.2739756482145383
26.414,-0.0033163890546248735,0,0.010454099766278289,-0.025165568518717235,1.273569434321036
26.446,-0.0032826620488081056,0,0.001053968931773998,-0.024771153336372143,1.2727704467713545
26.478,-0.003183905568697732,0,0.00308614000344917,-0.024374618418252253,1.2719841144232806
26.494,-0.0030545328732821952,0,0.008085793463471939,-0.023924525925788087,1.2715977212685283
26.526,-0.002880859277838956,0,0.005427299857601215,-0.02351949220020602,1.2708386169785124
26.558,-0.002768089905370145,0,0.0035240428896503536,-0.023109875387137352,1.270092547097115
26.59,-0.00261384201113473,0,0.004820246694856702,-0.022695986297801424,1.2693596533101559
26.606,-0.002537857111699196,0,0.004749056214720353,-0.0222371998907841,1.2690001878206472
26.638,-0.0023009601765020815,0,0.007403029224909822,-0.021814620967395337,1.2682953586869163
26.67,-0.002163266052368072,0,0.004302941379187788,-0.021386048587057255,1.2676041479740452
26.702,-0.001960523154398597,0,0.0063357155615461,-0.02095202921436551,1.2669267387292225
26.734,-0.0021649418869606196,0,-0.006388085392563207,-0.020518036655027272,1.2662632176753121
26.766,-0.0020015546647163054,0,0.00510585069513538,-0.020084700599854094,1.265613573879234
26.782,-0.0018013408349139108,0,0.012513364362648265,-0.019615123763851133,1.2652959752843242
26.814,-0.0017813403732243813,0,0.0006250144277977976,-0.019172446663181325,1.2646753741574916
26.846,-0.0015395990803075653,0,0.0075544154036504925,-0.01872558169443783,1.2640690057037698
26.878,-0.0013263952396752113,0,0.006662620019761057,-0.018271437603557567,1.263477053395002
26.894,-0.0014359468051052537,0,-0.006846972839378408,-0.01779353633991579,1.2631885336034543
26.926,-0.001259100056925002,0,0.005526460880632861,-0.017336657089708274,1.2626264505085802
26.942,-0.0013501541861338506,0,-0.005690883075552402,-0.016857531123652764,1.2623528970028732
26.974,-0.0011441290848967847,0,0.006438284413658304,-0.01639743965598925,1.2618208174703989
27.022,-0.0008065379548557843,0,0.007033148542521097,-0.015944255664943313,1.2610446167826965
27.054,-0.00036506579001301803,0,0.013796005151336431,-0.015463001324861197,1.2605421006708597
27.086,-0.00035340984904360176,0,0.0003642481552942582,-0.014974496935086123,1.2600551006987006
27.102,-0.00034171215825863285,0,0.0007311056740604748,-0.01448005791114454,1.2598194642599307
27.134,-0.00026255407449189694,0,0.002473690117710495,-0.01398972617086855,1.2593639477146186
27.166,-0.0003342345530060742,0,-0.002240014953568037,-0.0134992747889085,1.258924123699262
27.198,5.007414494614948e-05,0,0.01200964681100698,-0.013003821355437456,1.2585000741609527
27.214,2.0094143414899762e-05,0,-0.0018737500957033137,-0.012503260009130573,1.2582960175100362
27.246,3.12045669380312e-07,0,-0.0006181905545474823,-0.01200293351010523,1.2579039184137284
27.262,-3.436614457205667e-05,0,-0.0021673868900895688,-0.011503205942896444,1.2577158692981043
27.294,0.00022629442527073024,0,0.008145642807587084,-0.01100013509040526,1.2573558158415714
