timestamp,acceleration,aStages,jerk,velocity,height
0.0,0.0019129566675807133,0,0.0,0.0,0.0
0.032,0.0015501527202917767,0,-0.01133762335277927,0.0,0.0
0.064,0.0014329135445484628,0,-0.003663724241978559,0.0,0.0
0.096,0.0015606444451099766,0,0.003991590642547305,0.0,0.0
0.112,0.00150562798840196,0,-0.00343852854425104,0.0,0.0
0.144,0.0011691191112362803,0,-0.010515902411427493,0.0,0.0
0.176,0.0013429041096088348,0,0.0054307811991423285,0.0,0.0
0.208,0.0014941855824634337,0,0.0047275460267062145,0.0,0.0
0.24,0.001219003810026223,0,-0.008599430388662836,0.0,0.0
0.272,0.0011999195446352681,0,-0.0005963832934673374,0.0,0.0
0.304,0.0011552080819589375,0,-0.0013972332086353335,0.0,0.0
0.336,0.0010356524147519183,0,-0.003736114600219345,0.0,0.0
0.352,0.0007451643630594154,0,-0.01815550323078148,0.0,0.0
0.368,0.0008876957954054646,0,0.008908214521628063,0.0,0.0
0.384,0.0008154905535883022,0,-0.00451282761357264,0.0,0.0
0.416,0.0007533743013799429,0,-0.0019411328815112303,2.483403583587523e-05,3.973445733740033e-07
0.432,0.0005859685966148678,0,-0.010462856547817185,0.0,5.960168600610053e-07
0.448,0.0003576481481142868,0,-0.014270028031286302,0.0,5.960168600610053e-07
0.48,0.0003993003085645125,0,0.0013016300140695537,0.0,5.960168600610053e-07
0.496,0.0002468353444962032,0,-0.009529060254269322,0.0,5.960168600610053e-07
0.512,9.077516308701045e-05,0,-0.009753761338074539,0.0,5.960168600610053e-07
0.528,0.00020084340811425683,0,0.006879265314202893,0.0,5.960168600610053e-07
0.56,0.00018642023332419988,0,-0.0004507242121892792,0.0,5.960168600610053e-07
0.576,4.384644501084084e-05,0,-0.008910861769584994,0.0,5.960168600610053e-07
0.592,-6.1780059940994e-05,0,-0.006601656559489672,0.0,5.960168600610053e-07
0.624,0.00010339241135075977,0,0.005161639727867301,0.0,5.960168600610053e-07
0.64,-9.638928971000132e-05,0,-0.012486356316297558,0.0,5.960168600610053e-07
0.656,0.00011948954229924758,0,0.013492427000578044,0.0,5.960168600610053e-07
0.688,-0.00012723311417046912,0,-0.007710083014678667,0.0,5.960168600610053e-07
0.72,-0.00022184336858110248,0,-0.00295657045033229,0.0,5.960168600610053e-07
0.752,-0.0002942427738294451,0,-0.002262481414010704,0.0,5.960168600610053e-07
0.784,-0.00036940502677462045,0,-0.002348820404536728,0.0,5.960168600610053e-07
0.816,-0.0002663099533058641,0,0.003221721045898644,0.0,5.960168600610053e-07
0.848,-0.00020786210827584972,0,0.0018264951571879478,0.0,5.960168600610053e-07
0.88,-0.00032219292718256576,0,-0.003572838090834873,0.0,5.960168600610053e-07
0.896,-0.0003686932821855976,0,-0.0029062721876894878,0.0,5.960168600610053e-07
0.912,-0.00040670901552909006,0,-0.002375983333968276,0.0,5.960168600610053e-07
0.944,-0.00047801542769439903,0,-0.002228325380165911,0.0,5.960168600610053e-07
0.96,-0.0007227656927272438,0,-0.015296891564552786,0.0,5.960168600610053e-07
0.992,-0.0007939127806101606,0,-0.0022233464963411476,0.0,5.960168600610053e-07
1.008,-0.0008558476781362345,0,-0.003870931095379615,0.0,5.960168600610053e-07
1.024,-0.0007980968620253104,0,0.003609426006932756,0.0,5.960168600610053e-07
1.056,-0.0009349151647349216,0,-0.004275571959675347,0.0,5.960168600610053e-07
1.088,-0.001181277245118982,0,-0.007698815012001883,0.0,5.960168600610053e-07
1.104,-0.0007242138923024832,0,0.028566459551031154,0.0,5.960168600610053e-07
1.136,-0.0009068664154849165,0,-0.005707891349451075,0.0,5.960168600610053e-07
1.168,-0.0009414058519355353,0,-0.0010793573890818366,0.0,5.960168600610053e-07
1.2,-0.0007614950697196685,0,0.0056222119442458345,0.0,5.960168600610053e-07
1.216,-0.0008655361438688475,0,-0.006502567134323682,0.0,5.960168600610053e-07
1.248,-0.0009934137723118866,0,-0.003996175888844969,0.0,5.960168600610053e-07
1.28,-0.0010455924106729034,0,-0.0016305824487817726,0.0,5.960168600610053e-07
1.312,-0.0014071650974529504,0,-0.011299146461876458,0.0,5.960168600610053e-07
1.344,-0.0012239475477891226,0,0.005725548426994612,0.0,5.960168600610053e-07
1.376,-0.0013915952949036525,0,-0.0052389920973290914,0.0,5.960168600610053e-07
1.392,-0.0013853521237644287,0,0.0003901981962014901,0.0,5.960168600610053e-07
1.424,-0.0014144417590120847,0,-0.0009090511014892513,0.0,5.960168600610053e-07
1.456,-0.0015534462148083378,0,-0.004343889243632904,-3.5619167668691836e-05,2.61101773619354e-08
1.488,-0.0016823978214547813,0,-0.004029737707701358,0.0,-5.437965053371345e-07
1.52,-0.001698808343853199,0,-0.00051282882495055,0.0,-5.437965053371345e-07
1.552,-0.0018662947053013149,0,-0.005233948795253618,0.0,-5.437965053371345e-07
1.584,-0.0018806593817422904,0,-0.00044889613878048396,0.0,-5.437965053371345e-07
1.616,-0.002023710899656611,0,-0.004470359934822519,0.0,-5.437965053371345e-07
1.632,-0.0021700519608746083,0,-0.009146316326124941,0.0,-5.437965053371345e-07
1.664,-0.002169916413457214,0,4.235856793577058e-06,0.0,-5.437965053371345e-07
1.696,-0.002273513313934869,0,-0.0032374031399267215,0.0,-5.437965053371345e-07
1.728,-0.0022356831674383015,0,0.0011821920780177321,-6.718642578918484e-05,-1.6187793179640928e-06
1.76,-0.002083388134832373,0,0.004759219768935264,0.0,-2.693762130591051e-06
1.792,-0.002169212840596929,0,-0.0026820220551423773,0.0,-2.693762130591051e-06
1.824,-0.002105053209435749,0,0.0020049884737868735,0.0,-2.693762130591051e-06
1.856,-0.0022795470609891025,0,-0.005452932861042288,0.0,-2.693762130591051e-06
1.888,-0.002246355985759653,0,0.001037221100920304,0.0,-2.693762130591051e-06
1.92,-0.0023018589336054676,0,-0.0017344671201817068,0.0,-2.693762130591051e-06
1.952,-0.0024027582167199663,0,-0.00315310259732808,-6.333480522273372e-05,-3.7071190141547912e-06
1.984,-0.0024048678281961278,0,-6.592535863004714e-05,0.0,-4.720475897718531e-06
2.016,-0.0024659021220154245,0,-0.001907321681853022,0.0,-4.720475897718531e-06
2.032,-0.0025291482232574075,0,-0.003952881327623933,0.0,-4.720475897718531e-06
2.064,-0.002531810626732807,0,-8.320010860623187e-05,0.0,-4.720475897718531e-06
2.096,-0.002697950523146697,0,-0.005191871762934065,0.0,-4.720475897718531e-06
2.128,-0.0025847129722221807,0,0.003538673466391137,-7.323679830776794e-06,-4.83765477501096e-06
2.16,-0.0025871612816234235,0,-7.650966878883912e-05,0.0,-4.954833652303389e-06
2.176,-0.002644469498723913,0,-0.0035817635687805803,0.0,-4.954833652303389e-06
2.192,-0.0025245650109867387,0,0.0074940304835733745,0.0,-4.954833652303389e-06
2.224,-0.002590388504023551,0,-0.002056984157400384,0.0,-4.954833652303389e-06
2.24,-0.0027792637708494577,0,-0.011804704176619156,0.0,-4.954833652303389e-06
2.256,-0.002945392712890675,0,-0.010383058877576365,0.0,-4.954833652303389e-06
2.288,-0.004868077607373358,0,-0.0600839029525838,0.0,-4.954833652303389e-06
2.304,-0.00420896982371791,0,0.0411942364784655,-4.150462109479402e-05,-5.286870621061741e-06
2.32,-0.004768219873126429,0,-0.03495312808803245,0.0,-5.618907589820094e-06
2.352,-0.004329662075381439,0,0.013704931179530947,0.0,-5.618907589820094e-06
2.368,-0.0036794311902131546,0,0.04063943032301772,0.0,-5.618907589820094e-06
2.4,-0.0036484656587686855,0,0.00096767285763966,0.0,-5.618907589820094e-06
2.416,-0.003681636124067692,0,-0.0020731540811879164,0.0,-5.618907589820094e-06
2.448,-0.0030479953595051734,0,0.019801273892578693,-0.00010652226355399846,-7.323263806684071e-06
2.464,-0.002603256054110825,0,0.02779620658714674,0.0,-8.17544191511606e-06
2.48,-0.002883387165117726,0,-0.0175081944379313,0.0,-8.17544191511606e-06
2.496,-0.0032066343619485474,0,-0.020202949801926308,0.0,-8.17544191511606e-06
2.528,-0.0025538938513557582,0,0.020398140956024643,0.0,-8.17544191511606e-06
2.544,-0.002374030705521314,0,0.011241446614652744,0.0,-8.17544191511606e-06
2.56,-0.0024122187884910024,0,-0.0023867551856055088,0.0,-8.17544191511606e-06
2.592,-0.0022522170958573437,0,0.005000052894801829,0.0,-8.17544191511606e-06
2.608,-0.002028496967956289,0,0.013982507993815894,-2.3104123313351637e-05,-8.360274901622873e-06
2.624,-0.002007821346973568,0,0.0012922263114200836,0.0,-8.545107888129686e-06
2.656,-0.002132704738199903,0,-0.0039026059758229745,0.0,-8.545107888129686e-06
2.672,-0.0021914856177392902,0,-0.00367380497121169,0.0,-8.545107888129686e-06
2.704,-0.001789869041064547,0,0.012550518021085713,0.0,-8.545107888129686e-06
2.752,-0.0017298813212288586,0,0.0012497441632435212,0.0,-8.545107888129686e-06
2.768,-0.0017037370503169141,0,0.0016340169319965256,0.0,-8.545107888129686e-06
2.8,-0.0016159992926045239,0,0.002741804928512194,0.0,-8.545107888129686e-06
2.832,-0.0016829037842639796,0,-0.0020907653643579913,0.0,-8.545107888129686e-06
2.864,-0.0016928594886108234,0,-0.0003111157608388663,0.0,-8.545107888129686e-06
2.896,-0.001877796922011031,0,-0.005779294793756485,-4.892218590393446e-05,-9.327862862592638e-06
2.928,-0.0016446898613376032,0,0.007284595646044614,0.0,-1.011061783705559e-05
2.96,-0.0017500436699496302,0,-0.0032923065191258418,0.0,-1.011061783705559e-05
2.992,-0.0017786755814378427,0,-0.0008947472340066393,0.0,-1.011061783705559e-05
3.008,-0.0019311432334560494,0,-0.009529228251137908,0.0,-1.011061783705559e-05
3.04,-0.001920049008571477,0,0.00034669452764288895,0.0,-1.011061783705559e-05
3.072,-0.0018068116558839012,0,0.0035386672714867386,0.0,-1.011061783705559e-05
3.104,-0.0018839115984730578,0,-0.002409373205911143,0.0,-1.011061783705559e-05
3.136,-0.0019587086086527636,0,-0.0023374065681158024,0.0,-1.011061783705559e-05
3.168,-0.0019680981347013557,0,-0.0002934226890185032,-5.034701926057497e-05,-1.091617014522479e-05
3.2,-0.0019565932742834635,0,0.00035952688805913,0.0,-1.172172245339399e-05
3.232,-0.0019913574633905196,0,-0.0010863809095955001,0.0,-1.172172245339399e-05
3.264,-0.0021088085139914017,0,-0.003670345331277616,0.0,-1.172172245339399e-05
3.296,-0.0020409875988190718,0,0.0021194035991353097,0.0,-1.172172245339399e-05
3.328,-0.0021437713413781784,0,-0.0032119919549720784,0.0,-1.172172245339399e-05
3.36,-0.0021054617139222784,0,0.0011971758579968738,0.0,-1.172172245339399e-05
3.392,-0.002133439873188918,0,-0.0008743174770824833,-1.1074984371937935e-05,-1.1898922203344998e-05
3.408,-0.002128047793853713,0,0.00033700495845031023,0.0,-1.1987522078320502e-05
3.44,-0.002191941240885821,0,-0.0019966702197533777,0.0,-1.1987522078320502e-05
3.472,-0.002154078733458749,0,0.0011832033570960052,0.0,-1.1987522078320502e-05
3.504,-0.002134828250224048,0,0.000601577601084396,0.0,-1.1987522078320502e-05
3.536,-0.0021419849127193233,0,-0.00022364570297734776,0.0,-1.1987522078320502e-05
3.568,-0.002176437740881096,0,-0.0010766508800553925,0.0,-1.1987522078320502e-05
3.6,-0.0021964860098710667,0,-0.0006265084059365889,0.0,-1.1987522078320502e-05
3.632,-0.002183264800261625,0,0.000413162800295052,-3.0012107631408394e-05,-1.2467715800423037e-05
3.664,-0.002149022567053488,0,0.0010700697877542844,0.0,-1.2947909522525572e-05
3.696,-0.002269742624696383,0,-0.0037725018013404707,0.0,-1.2947909522525572e-05
3.728,-0.0022775354936734743,0,-0.0002435271555340996,0.0,-1.2947909522525572e-05
3.76,-0.002327763118020139,0,-0.0015696132608332878,0.0,-1.2947909522525572e-05
3.776,-0.0024070476212927974,0,-0.004955281454541156,0.0,-1.2947909522525572e-05
3.808,-0.002559125324914875,0,-0.004752428238189925,0.0,-1.2947909522525572e-05
3.84,-0.002588303995038725,0,-0.0009118334413703118,-1.616629843054565e-05,-1.3206570297414302e-05
3.872,-0.0024724778840417225,0,0.003619565968656331,0.0,-1.3465231072303033e-05
3.904,-0.002375628029767596,0,0.003026557946066456,0.0,-1.3465231072303033e-05
3.936,-0.00239445464692372,0,-0.0005883317861288864,0.0,-1.3465231072303033e-05
3.968,-0.0024063416017704314,0,-0.0003714673389597266,0.0,-1.3465231072303033e-05
4.0,-0.0024611716752735227,0,-0.0017134397969716007,0.0,-1.3465231072303033e-05
4.032,-0.00247074247718862,0,-0.0002990875598467884,0.0,-1.3465231072303033e-05
4.048,-0.002481857589647307,0,-0.0006946945286679517,-2.4254205329733713e-05,-1.3659264714940903e-05
4.08,-0.0024560782775568044,0,0.0008056035028282126,0.0,-1.4047332000216643e-05
4.112,-0.002586030621164137,0,-0.004061010737729144,0.0,-1.4047332000216643e-05
4.144,-0.0026271337927398913,0,-0.00128447411174232,0.0,-1.4047332000216643e-05
4.176,-0.0025584547189702045,0,0.0021462210553027123,0.0,-1.4047332000216643e-05
4.192,-0.002552087813746433,0,0.0003979315764857275,0.0,-1.4047332000216643e-05
4.224,-0.0025474503438903534,0,0.0001449209330024822,0.0,-1.4047332000216643e-05
4.256,-0.0024543328868617403,0,0.002909920532144156,-5.282045087031707e-05,-1.4892459214141718e-05
4.288,-0.002389361815601468,0,0.0020303459768835127,0.0,-1.573758642806679e-05
4.304,-0.0024129162466959286,0,-0.0014721519434037962,0.0,-1.573758642806679e-05
4.352,-0.002405363724413759,0,0.00015734421421187173,0.0,-1.573758642806679e-05
4.368,-0.003928163566165894,0,-0.09517499010950836,0.0,-1.573758642806679e-05
4.4,-0.0035472495536171197,0,0.011903562892149179,0.0,-1.573758642806679e-05
4.416,-0.0048995611877884725,0,-0.08451947713570947,-2.222582408714993e-05,-1.591539302076399e-05
4.448,-0.007999187319868342,0,-0.09686331662749582,0.0,-1.627100620615839e-05
4.48,-0.010038851229832592,0,-0.06373949718638276,-1.721441700487311e-05,-1.654643687823636e-05
4.512,-0.0127403541957978,0,-0.08442196768641504,0.0,-1.6821867550314323e-05
4.544,-0.015289658147794694,0,-0.07966574849990286,-0.0003301619013124299,-2.2104457971313207e-05
4.576,-0.017075805060880498,0,-0.055817091033931315,-0.00034800931265123285,-3.295519739473182e-05
4.592,-0.018687829550794958,0,-0.10075153061965365,-0.0001341183895446369,-3.681221901229878e-05
4.624,-0.019932172210334394,0,-0.03888570811060734,-0.0002520384177227067,-4.299072792857628e-05
4.64,-0.020842491814202578,0,-0.05689497524176147,-7.823572991900313e-05,-4.563292110970996e-05
4.688,-0.021608992136701213,0,-0.015968756718721555,-0.000597071344740695,-6.184029090154273e-05
4.72,-0.022681871523884053,0,-0.03352748084946373,-0.0008057251633100597,-8.428503503035482e-05
4.752,-0.023932844560547853,0,-0.0390929073957437,-0.0010515606206609697,-0.00011400160757389131
4.784,-0.02514297337291404,0,-0.03781652538644328,-0.0013367737075963603,-0.00015221495682600863
4.8,-0.02651655624276438,0,-0.08584892936564635,-0.0012500499445217876,-0.00017290954604295383
4.832,-0.028379624307144087,1,-0.05822087701186574,-0.0021283888333203226,-0.00022696456648842764
4.864,-0.03062028292383982,1,-0.07002058177174157,-0.003072387349016063,-0.0003101769854058099
4.896,-0.03300133730135683,1,-0.07440794929740642,-0.00409033327261921,-0.00042478051535197435
4.928,-0.03511972946682836,1,-0.06619975517098545,-0.005180270340910176,-0.0005731101731684447
4.96,-0.03698117338890377,1,-0.0581701225648564,-0.006333884786601893,-0.0007573366552086379
4.992,-0.03832428711632308,1,-0.04197230398185347,-0.007538772154685524,-0.0009792991662692368
5.008,-0.03955439365075607,1,-0.07688165840206153,-0.00816180160082216,-0.0011049037563132984
5.04,-0.040655267107852174,1,-0.03440229553425329,-0.009445156172959893,-0.0013866150806938116
5.072,-0.041702257436066696,1,-0.0327184477567038,-0.010762876565662594,-0.0017099436045117716
5.104,-0.04291598416030287,1,-0.03792896013238047,-0.01211676843120451,-0.0020760179244616456
5.136,-0.0442639828321049,1,-0.0421249584938133,-0.013511647903083034,-0.0024860725858102464
5.168,-0.04581809650935284,1,-0.04856605241399812,-0.01495296117254636,-0.002941506331020317
5.2,-0.04773497542463238,1,-0.059902466102485466,-0.016449810323490126,-0.0034439506749569014
5.216,-0.04965750748730449,1,-0.12015825391700709,-0.01722895018678562,-0.0037133807590391077
5.248,-0.05185990640396865,1,-0.0688249661457548,-0.018853228809045997,-0.004290695622972414
5.28,-0.05433721350118309,1,-0.07741584678795127,-0.020552382727528427,-0.0049211854075576055
5.312,-0.05647078920094651,1,-0.0666742406176068,-0.022325310770762503,-0.0056072285035302614
5.344,-0.0584278198329176,1,-0.06115720724909657,-0.02416368851530433,-0.006351052492107332
5.376,-0.05995409740646447,1,-0.04769617417333962,-0.02605779919113444,-0.0071545962954103525
5.408,-0.06099641193032962,1,-0.03257232887078585,-0.02799300734052315,-0.008019409199916875
5.456,-0.06175298030112084,1,-0.01576184105815047,-0.030938992754077965,-0.009433777202187302
5.472,-0.06268607232547803,1,-0.058318251522324095,-0.031934505175090756,-0.009936765185620653
5.52,-0.06367521458834319,1,-0.020607130476357833,-0.03496717606102241,-0.011542405535287341
5.552,-0.06474627687091163,1,-0.03347069633026367,-0.03702191992437049,-0.012694231071053629
5.584,-0.0658651817330505,1,-0.03496577694183991,-0.039111703262033885,-0.0139123690420361
5.616,-0.06700716981083012,1,-0.035687127430612864,-0.04123766088673598,-0.015197958868416418
5.648,-0.06833392340122212,1,-0.04146104969974994,-0.04340311837812882,-0.016552211336654257
5.68,-0.06952732440535953,1,-0.03729378137929401,-0.045608898343034124,-0.017976403604192864
5.712,-0.07062435485927401,1,-0.03428220168482773,-0.04785132521126826,-0.019471767181061705
5.744,-0.07136899086063347,1,-0.023269875042483137,-0.05012321874278679,-0.021039359884326588
5.76,-0.07208074108791489,1,-0.04448438920508827,-0.05127081659837518,-0.021850512167055886
5.792,-0.07277406687703336,1,-0.021666430909952277,-0.05358849352581435,-0.02352826112904292
5.824,-0.07340820578014717,1,-0.019816840722306616,-0.05592740988832924,-0.02528051558366922
5.856,-0.07412264364566902,1,-0.022326183297557697,-0.0582879034791423,-0.027107960597548768
5.888,-0.07545848556673908,1,-0.04174506003343927,-0.06068120154654083,-0.0290114662779597
5.92,-0.07618388792810904,1,-0.022668823792811283,-0.0631074795224584,-0.03099208517506369
5.952,-0.07693047172931775,1,-0.02333074378777203,-0.06555730927697724,-0.03305072179585466
5.968,-0.07753825366806844,1,-0.03798637117191809,-0.06679305908015633,-0.03410952474271173
6.0,-0.07811497692342717,1,-0.018022601729960463,-0.06928351076962026,-0.03628674986030816
6.032,-0.07910675820954374,1,-0.030993165191142848,-0.0717990585317478,-0.03854407096913005
6.048,-0.07984637968888993,1,-0.046226342459136434,-0.07307068363493527,-0.03970302890646351
6.08,-0.08053881401843493,1,-0.02163857279828148,-0.07563684673425247,-0.042082349392370516
6.112,-0.0812325091683559,1,-0.02167797343502994,-0.07822518790524113,-0.04454414194660242
6.144,-0.08190558846319354,1,-0.021033727963676464,-0.08083539746734593,-0.04708911131256381
6.176,-0.08276734462038113,1,-0.026929879912112088,-0.08347016439668313,-0.04971800030238828
6.192,-0.08342263815562381,1,-0.04095584595266776,-0.08479968425889117,-0.05106415909163287
6.224,-0.08474490947300387,1,-0.04132097866812661,-0.08749036502094922,-0.05382079988011032
6.256,-0.08626229512001708,1,-0.04741830146916298,-0.09022648029443756,-0.05666426940515651
6.288,-0.08905507739775564,1,-0.08727444617932999,-0.09303155825472192,-0.05959639802194306
6.32,-0.09330731529405928,1,-0.13288243425948845,-0.09594935653779096,-0.06262009265862327
6.352,-0.09565989614461551,1,-0.0735181515798821,-0.09897283192080976,-0.06573884767396088
6.384,-0.09578428464339248,1,-0.0038871405867802224,-0.1020359388134179,-0.06895498800570853
6.4,-0.09536618815994527,1,0.026131030215450327,-0.1035651425958446,-0.07059979665698263
6.432,-0.09315874071246576,1,0.06898273273373472,-0.10658154145780317,-0.073962143601841
6.464,-0.09093826711672982,1,0.06938979986674786,-0.1095270935830703,-0.07741988176249498
6.496,-0.08878534208404719,1,0.06727890727133226,-0.11240267133028273,-0.08097075800110863
6.512,-0.08660017363120963,1,0.136573028302355,-0.11380575545600471,-0.08278042541539883
6.544,-0.0859966773693794,1,0.018859258182194766,-0.11656730507201415,-0.08646639438384714
6.576,-0.08578018734486653,1,0.0067653132660269845,-0.1193157349074421,-0.09024052302351844
6.608,-0.08581832227301825,1,-0.0011917165047411668,-0.12206131106132825,-0.09410255575901877
6.64,-0.08657462236404186,1,-0.02363437784448769,-0.12481959817552121,-0.09805265030680836
6.672,-0.08764226945700558,1,-0.03336397165511638,-0.12760706844465797,-0.10209147697273123
6.704,-0.08902169736949535,1,-0.04310712226530517,-0.130433691913882,-0.10622012913846787
6.736,-0.09039638951625095,1,-0.0429591295861126,-0.13330438130405392,-0.11043993830995485
6.768,-0.09165732607892846,1,-0.03940426758367203,-0.1362172407535768,-0.11475228426287695
6.8,-0.09225770231873835,1,-0.018761757494059166,-0.13915988120793948,-0.11915831821426122
6.832,-0.09214866402290625,1,0.003407446744753143,-0.1421103830694058,-0.12365864244269875
6.848,-0.09186851328851915,1,0.01750942089919371,-0.1435825204878972,-0.12594418567115717
6.88,-0.09151801008674387,1,0.01095322505547746,-0.1465167048619014,-0.13058577327675394
6.912,-0.09101282903427443,1,0.01578690788966995,-0.1494371982878377,-0.13532103572714976
6.944,-0.09047205480528892,1,0.01689919465579745,-0.1523409564292707,-0.1401494862026235
6.96,-0.08989178266024342,1,0.036267009065343477,-0.15378386712899497,-0.1425984847910896
6.992,-0.0893414821151785,1,0.01719689203327853,-0.15665159936540174,-0.14756545225499995
7.024,-0.08893456608080844,1,0.01271612607406466,-0.15950401613653753,-0.15262394210303099
7.04,-0.08849088645184358,1,0.0277299768103034,-0.16092341975679875,-0.15518736159017768
7.072,-0.0879647521524625,1,0.016441696855658952,-0.16374670997446764,-0.16038208366587794
7.088,-0.08763893244995329,1,0.020363731406825517,-0.16515153945128697,-0.163013269661284
7.12,-0.08724858650615408,1,0.012198310743725169,-0.1679497397545847,-0.16834289012857795
7.168,-0.08690108329501592,1,0.007239650232045025,-0.17212933182981277,-0.1765047878466035
7.2,-0.08662089773882178,1,0.008755798631066701,-0.1749056835263542,-0.18205734809230217
7.232,-0.08621834364565927,1,0.012579815411328701,-0.1776711113885059,-0.18769857681093993
7.264,-0.08588516391834278,1,0.010411866478640232,-0.18042476750952993,-0.19342811087330852
7.296,-0.08567748085029656,1,0.006490095876444419,-0.18316976982582817,-0.19924562347067426
7.328,-0.0853633944762012,1,0.009815199190479898,-0.18590642383105213,-0.20515084256918434
7.36,-0.08489466691372433,1,0.014647736327402261,-0.18863055281329094,-0.21114343419549383
7.376,-0.08432804148504532,1,0.0354140892924381,-0.1899843344804811,-0.21417235329384401
7.408,-0.08231773812790848,1,0.06282197991052615,-0.19265066695428837,-0.22029451331680033
7.44,-0.08053299691724891,1,0.05577316283311137,-0.1952562787150109,-0.22650102444750914
7.472,-0.07847395576106991,1,0.06434503613059363,-0.197800389957864,-0.23278993114627514
7.488,-0.07678797933529213,1,0.10537352661111114,-0.1990424854386349,-0.23596467414944713
7.52,-0.07501425057597066,1,0.0554290237287974,-0.20147132111721502,-0.24237289505434056
7.552,-0.07304489133349698,1,0.061542476327302566,-0.2038402673877665,-0.24885788047042026
7.568,-0.07144795545524245,1,0.09980849239090818,-0.20499621016207642,-0.25212857229081903
7.6,-0.06984490097576548,1,0.0500954524836551,-0.20725689586497253,-0.2587246219872518
7.632,-0.06808111575939887,1,0.05511828801145648,-0.20946371213273518,-0.26539215171521513
7.664,-0.06658355130483107,1,0.04679888920524392,-0.21161834680576286,-0.2721294646582311
7.696,-0.06654053480720637,1,0.00134426555077182,-0.21374833218355546,-0.27893533152206024
7.712,-0.06486622182146912,1,0.10464456160857821,-0.21479958623658488,-0.28236371486942136
7.744,-0.06496171309014707,1,-0.0029841021461861844,-0.21687683319517073,-0.28927053758032945
7.76,-0.0650452181549821,1,-0.005219066552188986,-0.21791688864513176,-0.2927488873550519
7.792,-0.06507174765427919,1,-0.0008290468530339725,-0.21999876009807995,-0.2997555377349433
7.84,-0.06357915602060359,1,0.031095659034908296,-0.22308638178627713,-0.31038958114016785
7.872,-0.06207385273464043,1,0.047040727686348566,-0.22509682992636104,-0.31756051252757006
7.904,-0.06044772346902166,1,0.05081653955058664,-0.22705717514561963,-0.32479497660872175
7.92,-0.05874635855459656,1,0.10633530715156835,-0.22801072780180856,-0.3284355198323012
7.936,-0.057510530667563016,1,0.07723924293959654,-0.22894078291558584,-0.33209113191804035
7.968,-0.05599250931797137,1,0.04743816717473898,-0.2307568315553544,-0.3394462937495754
8.0,-0.05477908234444365,1,0.037919592922741226,-0.23252917702195303,-0.34685886988681236
8.032,-0.05331101958018847,1,0.045876961382974306,-0.23425861865274714,-0.35432747461760755
8.064,-0.05205902991880437,1,0.03912467691825294,-0.235944539444731,-0.3618507251471672
8.096,-0.05075808871876001,1,0.04065441250138631,-0.23758961334293205,-0.3694272715917698
8.128,-0.04944403612190555,1,0.041064143651701766,-0.2391928473403827,-0.37705579096270286
8.144,-0.04833740169139021,1,0.06916465190720875,-0.2399750988428891,-0.38088913453216905
8.192,-0.04727468292479766,1,0.02213997430401145,-0.24226978887367762,-0.39246301183736665
8.208,-0.04765163357751808,1,-0.023559415795026246,-0.24302919940569612,-0.39634540374360167
8.256,-0.04811418428679802,1,-0.009636473109998728,-0.2453275790344397,-0.40806596642616494
8.288,-0.047125719053372206,1,0.030889538544556668,-0.24685141748788242,-0.4159408303705221
8.32,-0.046022026853302735,1,0.034490381252170944,-0.24834178142238922,-0.42386392155308644
8.336,-0.04502848709711162,1,0.062096234761944404,-0.24907018553399252,-0.4278432172887375
8.368,-0.0440161913870295,1,0.03163424094006627,-0.25049490038973876,-0.43583625866351716
8.4,-0.043077487049223345,1,0.029334510556442366,-0.2518883992447188,-0.4438743914576685
8.432,-0.04173484914498826,1,0.04195743450734632,-0.25324539662382617,-0.45195653219156523
8.448,-0.04072507672106754,1,0.06311077649504519,-0.25390507603075463,-0.45601373597280187
8.48,-0.03976532468902991,1,0.029992251001175932,-0.2551929224533162,-0.464159303948547
8.512,-0.03875349757768712,1,0.03161959722946213,-0.25644922360958367,-0.4723455782855534
8.544,-0.03795782089293538,1,0.024864896398491747,-0.2576766047051136,-0.4805715915385886
8.576,-0.0370061382868276,1,0.029740081440868232,-0.25887602805198984,-0.48883643366270224
8.608,-0.03416817468349984,1,0.08868636260399225,-0.26001481705951507,-0.49713868718448634
8.64,-0.03304469528034048,1,0.035108731348730084,-0.2610902229789365,-0.5054763678251015
8.672,-0.03383699719505484,1,-0.02475943483482379,-0.26216033005854283,-0.5138483766737012
8.704,-0.03454346135860136,1,-0.022077005110828746,-0.26325441739540134,-0.5222550126329644
8.736,-0.03517927813906478,1,-0.01986927438948187,-0.264369981227364,-0.5306970030109286
8.768,-0.03420880870787406,1,0.030327169724710085,-0.265480190616915,-0.5391746057604371
8.8,-0.034753249289383815,1,-0.017013768172179897,-0.26658358354487116,-0.5476876261470257
8.832,-0.0337831369508051,1,0.03031601058058484,-0.2676801657247142,-0.556235846135339
8.864,-0.032850148804320585,1,0.02915587957764106,-0.2687462982967962,-0.5648186695596832
8.88,-0.03176385265265252,1,0.06789350947925415,-0.26926321030845196,-0.5691227456285252
8.912,-0.03112438741494772,1,0.019983288678274952,-0.2702694221495336,-0.5777552677478529
8.944,-0.030469738737920565,1,0.02045777115709854,-0.27125492816797947,-0.5864196573529331
8.976,-0.02974241474760142,1,0.02272887469747325,-0.27221832262374784,-0.5951152293656008
9.008,-0.029008561653062745,1,0.02293290920433485,-0.2731583382461584,-0.6038412559395188
9.04,-0.028189124562636326,1,0.025607409075825573,-0.27407350122560964,-0.612596965371067
9.072,-0.027435518633990807,1,0.023550185270172448,-0.2749634955167557,-0.6213815573189448
9.104,-0.02674969348394534,1,0.021432035938920815,-0.2758304589106427,-0.6301942605897832
9.136,-0.026103648990491606,1,0.02018889042042919,-0.27667611239023365,-0.6390343657305972
9.168,-0.025663997652268254,1,0.013739104319479717,-0.27750439473651783,-0.6479012538446253
9.2,-0.025075556626906508,1,0.018388782042554546,-0.27831622760498465,-0.6567943838020893
9.232,-0.02603920153778274,1,-0.030113903464882213,-0.27913406373561966,-0.665713588463539
9.264,-0.027239104282394414,1,-0.03749696076911477,-0.2799865166287425,-0.6746595177493688
9.296,-0.02828930646512014,1,-0.032818818210178936,-0.28087497120070276,-0.68363330155464
9.312,-0.02921352890555432,2,-0.057763902527136264,-0.28133499388366817,-0.6881309812753149
9.344,-0.028621329548906373,2,0.018506229895248385,-0.28226035161893953,-0.6971485068033566
9.392,-0.02741870114347242,2,0.025054758446540624,-0.28360531235555664,-0.7107292827387445
9.408,-0.026502876478363996,2,0.05723904156927656,-0.28403668497653134,-0.7152704187174012
9.44,-0.025447747460341653,2,0.032972781813198175,-0.2848678949595506,-0.7243728919963784
9.472,-0.024230539572888263,2,0.038037746482918404,-0.2856627475520823,-0.7335013822765646
9.504,-0.023639742373951847,2,0.018462412466763,-0.28642867206323175,-0.7426548449904096
9.536,-0.02323246274290651,2,0.012727488470166784,-0.28717862734510147,-0.7518325617809429
9.568,-0.02268702211023934,2,0.017045019770849042,-0.2879133391027518,-0.7610340332441086
9.6,-0.022093947364641334,2,0.01853358579993767,-0.2886298346143499,-0.7702587240235822
9.632,-0.021611463908761827,2,0.015077607996234567,-0.2893291211947243,-0.7795060673165274
9.648,-0.020915342084452202,2,0.04350761401935152,-0.28966933564267,-0.7841380549712266
9.68,-0.02041871779869623,2,0.015519508929874113,-0.29033068060080036,-0.7934180552311221
9.712,-0.019925802885311976,2,0.01540359104325793,-0.2909761929317445,-0.8027189652076429
9.744,-0.01950927853241991,2,0.013016386027876995,-0.2916071542344282,-0.8120402987623017
9.76,-0.019058345608418355,2,0.028183307750097284,-0.2919156952275549,-0.8167084815579976
9.792,-0.018362732230360976,2,0.021737918064293052,-0.29251443247297537,-0.826059363601206
9.824,-0.016703403958481175,2,0.05185400849624375,-0.29307549065199684,-0.8354288023712055
9.856,-0.01477785248116189,2,0.06017348366622763,-0.29357919075503114,-0.844815277273718
9.872,-0.012592341176641795,2,0.13659445653250576,-0.29379815230429357,-0.8495142960181926
9.92,-0.009586046391244687,2,0.06263114136243969,-0.29433043360592287,-0.8636293820800378
9.936,-0.006698702148486058,2,0.18045901517241417,-0.2944607115942407,-0.8683397112416391
9.968,-0.003381301343192037,2,0.10366877516543806,-0.29462199165010755,-0.8777650344935487
10.0,0.0002741690072902772,2,0.11423344845257222,-0.294671705767482,-0.8871937336522301
10.032,0.0038241647140103974,2,0.11093736583500366,-0.29460613242794115,-0.8966221790633568
10.064,0.00833408040468999,2,0.14093486533373717,-0.2944116005060419,-0.9060464627903005
10.096,0.013055603879192107,2,0.14754760857819102,-0.2940693655574998,-0.9154621582473172
10.112,0.017469636154905786,2,0.2758770172321047,-0.293825163637227,-0.920165314480875
10.144,0.022275478441509997,2,0.15018257145638145,-0.29318924180368433,-0.9295575449679296
10.16,0.028034431946420094,2,0.3599345940568807,-0.2927867625205809,-0.9342453530025238
10.208,0.033913500814326036,3,0.12248060141470703,-0.291300012134323,-0.9482634355942414
10.24,0.03976326843841825,3,0.18280523825288153,-0.2901211838262791,-0.957566174729611
10.272,0.0460800551140418,3,0.1973995836132357,-0.2887476906494397,-0.9668280767212225
10.304,0.052339318567002455,3,0.19560198290502032,-0.28717298067054303,-0.9760428074623423
10.336,0.058622449291469925,3,0.19634783513960827,-0.2853975923848075,-0.9852039366312279
10.368,0.06460727983825967,3,0.1870259545871795,-0.2834259167187318,-0.9943051127768845
10.384,0.07051245988175354,3,0.3690737527183666,-0.2823449588009717,-0.9988312797810421
10.416,0.07516544215192202,3,0.1454056959427646,-0.2800141123684329,-1.0078290249197526
10.448,0.08016557231406296,3,0.15625406756690438,-0.2775288161369771,-1.016749711775839
10.464,0.08429753791094595,3,0.25824784980518656,-0.27621311125517706,-1.0211796471949763
10.496,0.08860707238236071,3,0.13467295223171108,-0.27344663749048415,-1.0299742031749068
10.528,0.09255502321221926,3,0.12337346343307953,-0.2705480439609709,-1.0386781180781302
10.576,0.09635702017201031,3,0.0792082699956469,-0.26601415491974933,-1.0515556108512674
10.608,0.09980524318788317,3,0.10775696924602675,-0.26287555870599105,-1.0600178462692793
10.64,0.10301116174851332,3,0.10018495501969227,-0.2596304962270087,-1.0683779431482072
10.672,0.10652389240584792,3,0.109772833041706,-0.2562779353605389,-1.076632478053608
10.704,0.1095658037855142,3,0.09505973061457113,-0.2528205002214771,-1.0847780530229203
10.736,0.11277746940869102,3,0.10036455072427548,-0.2492630078503698,-1.0928113891520699
10.768,0.11579773443781702,3,0.09438328216018746,-0.2456058045888257,-1.100729290151097
10.8,0.11805318066733103,3,0.07048269467231284,-0.24186418994714332,-1.1085288100636725
10.832,0.1198663714182879,3,0.05666221096740221,-0.2380574771137734,-1.1162075567366472
10.864,0.12077672013545807,3,0.028448397411567534,-0.23420718764891346,-1.1237637913728502
10.896,0.1207341059634931,3,-0.0013316928739051995,-0.23034301443133023,-1.1311965946061342
10.928,0.12050140049803887,3,-0.007272045795444695,-0.22648324632794573,-1.1385058147782827
10.944,0.1203656594573391,3,-0.008483815043735722,-0.2245563098483027,-1.1421141312276928
10.976,0.12026458423741479,3,-0.0031586006226345916,-0.22070622594918662,-1.1492383318004527
11.008,0.11994385562892795,3,-0.010022769015214192,-0.21686289091132535,-1.1562394376702205
11.04,0.1196573193542205,3,-0.008954258584607964,-0.21302927211159498,-1.1631177122785872
11.072,0.11934147073296283,3,-0.009870269414301988,-0.20920529147020003,-1.169873465295896
11.104,0.11860979324099333,3,-0.022864921624047067,-0.20539807124661674,-1.176507119099365
11.136,0.11731474573829995,3,-0.04047023445916811,-0.20162327862294804,-1.1830194606972781
11.168,0.1154347964746617,3,-0.05874841448869501,-0.19789928594754067,-1.189411821730406
11.2,0.11327422885595811,3,-0.06751773808448715,-0.19423994154225074,-1.1956860493702426
11.216,0.1109111785726988,3,-0.14769064270370677,-0.19244645828282148,-1.198779540568843
11.248,0.10850929819909319,3,-0.07505876167517536,-0.1889357306544728,-1.2048816555918398
11.287,0.10620532059074228,3,-0.05907634893207238,-0.18474879558807086,-1.2121685038535697
11.303,0.10385117076763559,3,-0.14713436394416823,-0.18306834365720384,-1.2151110409675319
11.335,0.1017451329075911,3,-0.0658136831263901,-0.17977880279840022,-1.2209165953108216
11.367,0.0996105503339417,3,-0.06670570542654375,-0.1765571118665357,-1.2266179699454607
11.399,0.09756470567775963,3,-0.06393264550569325,-0.17340230777034865,-1.2322173206596505
11.431,0.09556793518660509,3,-0.0623990778485794,-0.1703121855165188,-1.2377167525522403
11.447,0.09344082812149718,3,-0.13294419156924414,-0.168800115410054,-1.2404296509596529
11.479,0.09132449614867802,3,-0.06613537415059861,-0.1658438702217312,-1.2457839547297613
11.511,0.08902199981561666,3,-0.07195301040816736,-0.16295832628630247,-1.25104478987389
11.543,0.08682490515397757,3,-0.06865920817622143,-0.16014477580678896,-1.2562144395073793
11.575,0.084740425906915,3,-0.06513997647070553,-0.15739973050981468,-1.261295151608445
11.607,0.0825883845165384,3,-0.06725129344926867,-0.15472246954303942,-1.2662891068092907
11.639,0.08050706701821939,3,-0.06504117182246902,-0.1521129423184833,-1.271198473399075
11.655,0.07844146207101664,3,-0.1291003092001715,-0.1508413540857694,-1.2736221077703092
11.687,0.076447428055479,3,-0.06231356298555139,-0.14836313184374547,-1.2784093795451814
11.719,0.07444089655198469,3,-0.06270410948419705,-0.14594891865002604,-1.2831183723530817
11.735,0.0725707441274032,3,-0.11688452653634246,-0.14477282552459095,-1.2854441463064785
11.767,0.0706851702904023,3,-0.05892418240627809,-0.14248073089390606,-1.2900402032091745
11.799,0.06883944593199218,3,-0.05767888620031645,-0.14024833703434775,-1.2945638682960265
11.831,0.06712242272165826,3,-0.0536569753229348,-0.13807294713588933,-1.2990170088427504
11.863,0.06534042180492944,3,-0.05568752864777569,-0.13595354162346393,-1.3034014326629
11.879,0.06364048406811605,3,-0.10624610855083658,-0.13492169437647958,-1.3055684345508995
11.911,0.06197254177764823,3,-0.05212319657711939,-0.13291188596294734,-1.3098537718363303
11.943,0.0603658534935787,3,-0.05020900887717267,-0.1309544716386077,-1.3140756335579553
11.975,0.05881714559451945,3,-0.048397121845601646,-0.12904754365319815,-1.3182356658026242
12.007,0.05723464739208514,3,-0.049453068826072054,-0.12719071496541248,-1.3223354779405219
12.039,0.05577693554337124,3,-0.045553495272309494,-0.12538252963844518,-1.3263766498541836
12.071,0.05429054380063135,3,-0.04644974196062143,-0.12362144996894114,-1.3303607135279019
12.103,0.052836663079713714,3,-0.04543377252867608,-0.12190741465885563,-1.3342891753619466
12.135,0.05151098348411877,3,-0.04142748736234198,-0.1202378523138343,-1.3381634996335097
12.167,0.050115688954815996,3,-0.043602954040711635,-0.11861182555481134,-1.341985094479408
12.183,0.048826685611360485,3,-0.08056270896596936,-0.11782028655828192,-1.343876551376313
12.215,0.047495517956683,3,-0.04159898920867143,-0.11627913130119322,-1.3476221420620644
12.247,0.046212127192698696,3,-0.04010596137450939,-0.1147798089788031,-1.3513190851065444
12.279,0.04507415395126471,3,-0.03556166379481198,-0.11331922848049969,-1.3549686697058934
12.311,0.04383636707832027,3,-0.03868083977951383,-0.11189666014402633,-1.3585721239238857
12.327,0.04282444918269325,3,-0.06324486847668857,-0.11120337361393821,-1.3603569241939495
12.375,0.0417477001015823,3,-0.022432272523144836,-0.1091736420311156,-1.3656459725694308
12.391,0.04072195454917503,3,-0.06410909702545414,-0.10851388479390954,-1.367387472784031
12.423,0.039679324102633695,3,-0.03258220145441667,-0.1072274643354806,-1.370839334370101
12.455,0.0385843401219768,3,-0.03421824939552799,-0.10597524570788683,-1.374250577730795
12.487,0.03759360524847599,3,-0.030960464796900174,-0.10475639858195958,-1.3776222840394325
12.503,0.03652936141778511,0,-0.06651523941818016,-0.1036634148486295,-1.3792896425468772
12.535,0.03555265382352367,0,-0.03052211232066994,-0.10201010260476856,-1.3825804188261317
12.567,0.03458636549801379,0,-0.03019651017218368,-0.10038787829562396,-1.385818786520538
12.599,0.033625046297258376,0,-0.030041225023606673,-0.0987964957068996,-1.3890057365045785
12.615,0.03276295311973994,0,-0.05388082359490237,-0.09776539171156362,-1.3905782316039261
12.647,0.03187245057092111,0,-0.02782820465058826,-0.09623122525251304,-1.3936821774753514
12.679,0.031060121488497613,0,-0.025385283825734326,-0.09472430409956234,-1.3967374659449845
12.711,0.03019577776160491,0,-0.027010741465396924,-0.0932442097115607,-1.3997449621659626
12.743,0.029356076473423934,0,-0.026240665255655517,-0.09179138004380023,-1.4027055316020483
12.775,0.02859869068134091,0,-0.023668306002594463,-0.090364103769324,-1.4056200193430581
12.807,0.027751598697548015,0,-0.026471624493527964,-0.08896249913926177,-1.4084892449895956
12.823,0.02698851961717324,0,-0.047692442523423466,-0.088024578192744,-1.4099051416082518
12.855,0.026232178228539037,0,-0.023635668394818787,-0.0866730470272126,-1.4127003036117711
12.887,0.025570728152770297,0,-0.020670314867773088,-0.08534420052511164,-1.4154525795726083
12.919,0.024873285719182604,0,-0.021795076049615388,-0.08403709630316039,-1.4181626803218605
12.935,0.024172237257337928,0,-0.04381552886529223,-0.08314473211934822,-1.4195001349492407
12.967,0.02347189400638383,0,-0.021885726592315507,-0.08188242601912868,-1.4221405694794562
12.999,0.022840277436396807,0,-0.019738017812094492,-0.08064143127604419,-1.424740951196179
13.031,0.02221980228215483,0,-0.01938984857006172,-0.07942047000054736,-1.4273019416166046
13.047,0.0215769901063861,0,-0.04017576098554574,-0.07857009566143904,-1.4285658661419005
13.079,0.020945218518229176,0,-0.0197428621299038,-0.07738974032344519,-1.4310612235176587
13.111,0.020360414187499683,0,-0.01827513533529666,-0.07622885020015352,-1.4335191209660363
13.143,0.019754556562640524,0,-0.018933050776848696,-0.07508701066815128,-1.4359401747399292
13.175,0.019188032943352085,0,-0.01770386310276371,-0.0739639292360554,-1.4383249897783965
13.207,0.01863280871661943,0,-0.017350757085395407,-0.07285879576949585,-1.4406741533784853
13.239,0.01813668480082265,0,-0.015503872368649354,-0.07177048387321677,-1.4429882218527688
13.255,0.01764713823897876,0,-0.030596660115243177,-0.07098421328889835,-1.4441302594300658
13.287,0.017144671089172586,0,-0.01570209843144292,-0.06992754433964793,-1.4463848475521226
13.319,0.016560854958806,0,-0.01824425407395581,-0.06888825592288027,-1.448605900356323
13.351,0.01608167254337456,0,-0.014974450482232513,-0.06786597548284538,-1.4507939680588147
13.367,0.015590819124973086,0,-0.03067833865009201,-0.0671125955494986,-1.4518737966270734
13.399,0.015173551760718995,0,-0.01303960513294106,-0.06612036561532755,-1.4540055240057106
13.431,0.014705947021384363,0,-0.014612648104207227,-0.0651422936348139,-1.456105726553713
13.463,0.014248189784591463,0,-0.01430491364977814,-0.06417902744591829,-1.4581748676910047
13.495,0.013841785554647157,0,-0.012700132185759543,-0.06322958784049047,-1.4602134055355873
13.511,0.01339587518097092,0,-0.02786939835476476,-0.06251168655460553,-1.4612193357307481
13.559,0.012961980640963183,0,-0.009039469583494514,-0.061379098014879105,-1.4641927145604157
13.575,0.012570603091661949,0,-0.02446109683132715,-0.06067483734501811,-1.4651691460432947
13.607,0.012198394707840003,0,-0.011631511994435781,-0.05977853338022608,-1.4670963999748987
13.639,0.01185534800281253,0,-0.01072020953210854,-0.058893673496855634,-1.468995155284932
13.671,0.011519887433983099,0,-0.010483142775919701,-0.0580196697298669,-1.4708657687765596
13.687,0.011157641982229502,0,-0.02264034073459979,-0.0573382494945372,-1.4717886321303548
13.719,0.010791920568844773,0,-0.01142879416827276,-0.05648705649372,-1.473609837026167
13.751,0.010400494333184053,0,-0.012232069864397501,-0.055647977855287536,-1.4754039975757511
13.783,0.010048157213542581,0,-0.011010534988795975,-0.05482079943053991,-1.4771714980123243
13.799,0.009650245126866942,0,-0.024869505417227426,-0.054163212211816636,-1.4780433701054632
13.831,0.009379093286283995,0,-0.00847349501821711,-0.05335874279720622,-1.4797637213856076
13.863,0.009030044593687149,0,-0.010907771643651414,-0.05256419659112668,-1.481458488415821
13.895,0.00868018873167202,0,-0.010932995687972772,-0.05178083285792094,-1.4831280088870058
13.927,0.008439040999220819,0,-0.007535866639100023,-0.05100692518222666,-1.4847726130156482
13.959,0.008129544283066045,0,-0.009671772379836671,-0.05024182781771007,-1.4863925930636472
13.975,0.007871576156819805,0,-0.016123007890389982,-0.049613818854190986,-1.4871914382370224
14.007,0.0076310486638041936,0,-0.007516484156737861,-0.048865776857061005,-1.4887671117684025
14.039,0.007393023138932163,0,-0.007438297652250949,-0.048125391708217224,-1.490318970465447
14.071,0.007232105244900804,0,-0.005028684188479976,-0.0473913896540759,-1.4918472389672437
14.087,0.007007581802875924,0,-0.014032715126554943,-0.04677747215769368,-1.4926005898617378
14.119,0.006742329833107012,0,-0.008289124055278495,-0.046057473571517946,-1.4940859489934053
14.151,0.006421382887214944,0,-0.010029592059127134,-0.04534685416799279,-1.4955484182372374
14.183,0.006185417192760209,0,-0.007373927951710445,-0.044645145366713185,-1.4969882902297926
14.215,0.005893205946999498,0,-0.009131601430022208,-0.04395188739647703,-1.4984058427540037
14.247,0.005660314175997216,0,-0.0072778678438213005,-0.04326703107450908,-1.4998013454495394
14.279,0.005493553753681428,0,-0.005211263197368384,-0.04258856918763422,-1.5011750350537336
14.311,0.0052511544097336785,0,-0.007574979498367166,-0.04191665385701958,-1.502527118622448
14.343,0.005039970142119363,0,-0.006599508362947363,-0.04125199586418993,-1.5038578170179875
14.359,0.004828241781621161,0,-0.013233022531137615,-0.040673050168800004,-1.5045132173862514
14.391,0.004637670896934683,0,-0.005955340146452428,-0.040021595565943105,-1.5058043317180074
14.423,0.00441155425692541,0,-0.007066145000289781,-0.039376807963481336,-1.5070747061744783
14.455,0.004206629836916102,0,-0.006403888125290846,-0.038738917017979865,-1.5083245577741817
14.487,0.0040432455047539825,0,-0.005105760380066239,-0.038106919012513146,-1.5095540911506695
14.519,0.003868767578304705,0,-0.005452435201539922,-0.03748032680318421,-1.5107634870837208
14.535,0.003698131443823048,0,-0.010664758405103539,-0.03691979161100718,-1.5113586880310343
14.567,0.0035649049100390656,0,-0.004163329180749449,-0.03630358302934539,-1.51253026202528
14.583,0.0034045881587433657,0,-0.010019796955981234,-0.035747827084795125,-1.513106673306193
14.615,0.0032722194769307933,0,-0.004136521306642885,-0.03514099816262434,-1.5142408945101518
14.647,0.003090135157419051,0,-0.005690134984741947,-0.03453920048847474,-1.5153557776885693
14.679,0.0029806319199594325,0,-0.0034219761706130694,-0.03394206821523668,-1.5164514779878286
14.711,0.002810478566578338,0,-0.005317292293159199,-0.03334941044745207,-1.5175281416464317
14.743,0.002650337700872085,0,-0.005004402053320396,-0.03276203738717287,-1.5185859248117857
14.759,0.002466345122309588,0,-0.011499536160156077,-0.03222110392458742,-1.5191057899422797
14.775,0.0023924049910040365,0,-0.00462125820659695,-0.031682233923680914,-1.519617016645066
14.807,0.0022376464239543536,0,-0.004836205220302586,-0.031108153101041577,-1.5206216628374616
14.839,0.0020558874640259767,0,-0.0056799674977617755,-0.03053945655883389,-1.5216080245920196
14.871,0.0019561157929178577,0,-0.003117864722128715,-0.02997526450672279,-1.5225762601290684
14.903,0.0017889182372938309,0,-0.005224923613250834,-0.029415343962239396,-1.5235265098645718
14.935,0.0017332789268003426,0,-0.0017387284529215062,-0.028858988807613895,-1.5244588991888894
14.967,0.001612477259827036,0,-0.0037750520929158305,-0.028305456708627857,-1.5253735303171494
14.983,0.0015333450974631749,0,-0.004945760147741312,-0.02778029012976954,-1.5258222162918567
15.015,0.0014644035547207862,0,-0.0021544232106996443,-0.0272323261513346,-1.5267024181523543
15.047,0.0013534246909152614,0,-0.003468089493922647,-0.026687240899404427,-1.5275651312251661
15.079,0.001258451116308637,0,-0.002967924206457009,-0.02614545088648884,-1.5284104542937405
15.111,0.0011097066985866558,0,-0.00464826305381191,-0.02560756036145051,-1.5292385024737074
15.127,0.0010189904959799281,0,-0.005669762662920472,-0.025090530783893977,-1.5296440872028703
15.159,0.0008886851360878564,0,-0.004072042496627237,-0.024560007973780898,-1.530438495822993
15.207,0.0007157123607369129,0,-0.003603599486477988,-0.024021502433857103,-1.5316044520727763
15.239,0.0006170589031203461,0,-0.00308292055051771,-0.023500178093635388,-1.5323647989612161
15.271,0.0005464902927938345,0,-0.0022052690727034844,-0.022981561306500767,-1.5331085067916184
15.303,0.00045375414464417924,0,-0.002898004629676724,-0.022465557395501753,-1.5338356606908503
15.335,0.0004273398849447274,0,-0.0008254456156078688,-0.021951459891028327,-1.5345463329674347
15.367,0.00036195166473469015,0,-0.0020433818815636627,-0.021438831226233454,-1.5352405776253109
15.399,0.00031420395592857836,0,-0.001492115900191075,-0.020928012736302848,-1.5359184471287115
15.431,0.00022897510832908807,0,-0.0026634014874840693,-0.020419321871274723,-1.5365800044824327
15.463,0.00014721268138583044,0,-0.002555075841976799,-0.019913302866639282,-1.5372253264782394
15.495,-2.5517117278474333e-05,0,-0.005397806208259519,-0.01941135573761356,-1.5378545210159074
15.511,-0.00017189299139508396,0,-0.009148492132288093,-0.018912935018482943,-1.538161115341956
15.559,-0.00026518199877586385,0,-0.0019435209870995792,-0.018423424818247047,-1.5390571879780377
15.575,-0.0003486352649418392,0,-0.005215829135373456,-0.017928335356356795,-1.5393480020594346
15.607,-0.00041277994633756587,0,-0.0020045212936164562,-0.017440517999737268,-1.539913903713132
15.639,-0.00048383273415901484,0,-0.002220399619420278,-0.016954863802625217,-1.5404642298219697
15.671,-0.0005468901932092624,0,-0.001970545595320233,-0.016471355369463106,-1.5409990493287231
15.703,-0.0006454488679700152,0,-0.0030799585862735226,-0.01599043279444197,-1.5415184379393456
15.719,-0.0007278339500892891,0,-0.005149067632454619,-0.015501419056986446,-1.541770372754157
15.751,-0.0008018063343059254,0,-0.0023116370067698794,-0.015025893301536766,-1.5422588097518932
15.783,-0.0008177209378690403,0,-0.0004973313613473424,-0.014551805737891568,-1.542732052936524
15.799,-0.0009006949546916596,0,-0.005185876051413698,-0.014065553065032058,-1.5429609918069473
15.831,-0.0010158079847871135,0,-0.003597282190482932,-0.013596217112063713,-1.543403580129781
15.879,-0.0010308384437325985,0,-0.0003131345613642704,-0.013145336626348189,-1.5440453774195029
15.911,-0.0011293734364465347,0,-0.003079218522310503,-0.012679900016431059,-1.5444585812057874
15.943,-0.0011940109777557745,0,-0.0020199231659137427,-0.012217074167058292,-1.5448569327927233
15.975,-0.0012233037570237512,0,-0.0009153993521242725,-0.01175575120281476,-1.5452404979986412
16.007,-0.001330233028534522,0,-0.003341539734711401,-0.011296607791383695,-1.5456093357425484
16.039,-0.0013655215253045375,0,-0.0011027655240629798,-0.010839739864245121,-1.5459635173050386
16.071,-0.001395254570347934,0,-0.0009291576576061439,-0.010383912281775556,-1.5463030957393749
16.103,-0.0014692560852721318,0,-0.0023125473413811745,-0.00992974445226548,-1.5466281142471194
16.119,-0.0014589969014515425,0,0.0006411989887868998,-0.009453170476159262,-1.5467831775665468
16.151,-0.0015392429089717413,0,-0.0025076877350062115,-0.009001142313126029,-1.5470784465711753
16.183,-0.0015569307501452148,0,-0.0005527450366710462,-0.008550681091671897,-1.547359275745652
16.215,-0.0015757336472490419,0,-0.0005875905344945946,-0.008100803722030203,-1.5476256995026711
16.247,-0.001639776930879397,0,-0.0020013526134485937,-0.007652251891280257,-1.5478777483924842
16.279,-0.0016757501068812852,0,-0.0011241617500590089,-0.007205300323884431,-1.5481154692279269
16.311,-0.0017503071771740666,0,-0.002329908446649417,-0.006760117240429311,-1.5483389159089558
16.327,-0.0017903311978063052,0,-0.0025015012895146316,-0.00628844234742916,-1.5484433043856587
16.359,-0.001874948069286675,0,-0.00264427723376155,-0.005847086815702646,-1.5486374728522687
16.391,-0.001893396516691702,0,-0.000576513981407157,-0.005407380329078296,-1.5488175443265852
16.407,-0.0019573630382517804,0,-0.003997907597504458,-0.004938186405517853,-1.548900308860462
16.439,-0.001966164732269536,0,-0.00027505293805486574,-0.004500962849846191,-1.5490513352485478
16.471,-0.0019828129400785016,0,-0.0005202564940301724,-0.004064146492603754,-1.549188376998027
16.503,-0.0020071430233515805,0,-0.0007603151022837148,-0.003627985788018637,-1.549311451114517
16.535,-0.0020501341736903697,0,-0.001343473448087161,-0.003192902223171313,-1.5494205853226959
16.567,-0.0020280279871803045,0,0.0006908183284395381,-0.0027581528177452476,-1.5495158022033506
16.599,-0.0020962167955458286,0,-0.0021309002614226264,-0.002324140734268872,-1.549597118900183
16.631,-0.0020988074525651323,0,-8.095803185324296e-05,-0.0018912611222386432,-1.549664565329887
16.663,-0.002168383976460145,0,-0.0021742663717191375,-0.0014595361851030436,-1.5497181780868046
16.695,-0.0022791716881026824,0,-0.0034621159888292984,-0.0010306970757360421,-1.549758021818978
16.727,-0.002292798005367795,0,-0.00042582241453477176,-0.0006038485908315713,-1.549784174549643
16.759,-0.00230273633070769,0,-0.00031057266687171584,-0.00017737714020878495,-1.5497966741613396
16.775,-0.002283405924852995,0,0.0012081503659185726,0.0,-1.5497980931784612
16.807,-0.0023327510288024267,0,-0.0015420344984197376,0.0,-1.5497980931784612
16.839,-0.0023203432506008342,0,0.0003877430687997636,0.0,-1.5497980931784612
16.855,-0.002385633680739005,0,-0.004080651883635212,0.0,-1.5497980931784612
16.887,-0.0023508280897931097,0,0.0010876747170592256,0.0,-1.5497980931784612
16.903,-0.0023848631736591228,0,-0.0021271927416260505,-1.3691031869062648e-05,-1.549798202706716
16.935,-0.0023607261900928656,0,0.0007542807364455371,0.0,-1.549798421763226
16.967,-0.002389398197513763,0,-0.0008960002319030508,0.0,-1.549798421763226
16.983,-0.0023877949761033843,0,0.00010020133814867261,0.0,-1.549798421763226
16.999,-0.002431498961193504,0,-0.0027314990681327816,0.0,-1.549798421763226
17.047,-0.0024602647693465415,0,-0.0005992876698549271,0.0,-1.549798421763226
17.063,-0.0024201235285605943,0,0.0025088275491219774,0.0,-1.549798421763226
17.111,-0.0024732659117666367,0,-0.001107132983459174,-1.6281131262164267e-05,-1.549798812510376
17.143,-0.0024913286561169257,0,-0.0005644607609465302,0.0,-1.5497990730084763
17.175,-0.0024613063954497458,0,0.0009381956458493707,0.0,-1.5497990730084763
17.191,-0.0025150780422099825,0,-0.0033607279225151645,0.0,-1.5497990730084763
17.223,-0.002501327456034541,0,0.00042970581798254314,0.0,-1.5497990730084763
17.239,-0.0024964843151107294,0,0.00030269630773819845,0.0,-1.5497990730084763
17.271,-0.002481460155110811,0,0.0004695049999974515,0.0,-1.5497990730084763
17.303,-0.0024736781513858067,0,0.00024318761640638293,0.0,-1.5497990730084763
17.335,-0.00252660175330649,0,-0.0016538625600213514,-7.394666571828093e-05,-1.5498002561551278
17.367,-0.002520011577688358,0,0.000205942988066622,0.0,-1.5498014393017794
17.399,-0.0025156690353985364,0,0.0001357044465569254,0.0,-1.5498014393017794
17.431,-0.002298559732421643,0,0.00678466571802792,0.0,-1.5498014393017794
17.463,-0.0017485644986747206,0,0.017187351054591304,0.0,-1.5498014393017794
17.479,-0.0007176532305199074,0,0.06443195425968293,0.0,-1.5498014393017794
17.511,0.0014214677647102214,0,0.06684753110094147,0.0,-1.5498014393017794
17.543,0.005815693183375638,0,0.13731954433329413,0.0,-1.5498014393017794
17.575,0.012223596065243224,0,0.20024696505836187,0.0,-1.5498014393017794
17.607,0.015060620266058936,0,0.08865700627549092,0.0,-1.5498014393017794
17.639,0.015863225483463972,0,0.025081413043907364,0.0004502384703477208,-1.5497942354862537
17.671,0.014048102728236964,0,-0.05672258610084396,0.00042881972173494263,-1.5497801705551804
17.703,0.011663409067259614,0,-0.07452167690554211,0.00034020391046289287,-1.5497678661770653
17.719,0.011468546367094788,0,-0.012178918760300257,2.5259553937753004e-05,-1.54976494246935
17.751,0.010835650374610623,0,-0.019777999765130158,0.0,-1.549764538316487
17.783,0.010637930733801551,0,-0.006178738775283478,0.00022570399953963536,-1.5497609270524944
17.815,0.010136877106711087,0,-0.015657925846576992,5.8100924987838226e-05,-1.5497563861737018
17.847,0.009852552732899922,0,-0.008885136681598899,0.0,-1.549755456558902
17.879,0.009546435598774682,0,-0.00956616044141375,0.00018831561572840326,-1.5497524435090504
17.911,0.009176708958225227,0,-0.011553957517170444,0.0,-1.5497494304591988
17.927,0.008897306470990227,0,-0.017462655452189446,0.00013247805207411076,-1.549748370634782
17.959,0.008701888609608917,0,-0.006106808168165927,0.0,-1.549746250985949
17.975,0.008364842256551673,0,-0.021065397066075377,5.0599020292998315e-05,-1.5497458461937867
18.007,0.008047139706715868,0,-0.009928204682368895,0.0,-1.549745036609462
18.039,0.007875329361570607,0,-0.005369073285789402,6.795023679786669e-05,-1.5497439494056733
18.055,0.0076105469315350185,0,-0.01654890187722611,0.0,-1.549743405803779
18.087,0.007303767747863357,0,-0.009586849489739407,0.0,-1.549743405803779
18.103,0.007091577895219955,0,-0.01326186579021113,4.562904715775182e-05,-1.5497430407714017
18.135,0.006753936579318207,0,-0.010551291121929643,0.0,-1.5497423107066473
18.167,0.006546166250303631,0,-0.006492822781705478,0.0,-1.5497423107066473
18.199,0.006309911754291395,0,-0.007382953000382383,0.0001856561720978249,-1.5497393402078936
18.231,0.006090582364487132,0,-0.006854043431383198,0.0,-1.54973636970914
18.247,0.00581637658984252,0,-0.017137860915290133,0.0,-1.54973636970914
18.279,0.0055335585219149774,0,-0.008838064622735701,0.0001609187114210396,-1.5497337950097572
18.311,0.005447245170434337,0,-0.002697292233770022,0.0,-1.5497312203103744
18.343,0.00516850638418602,0,-0.0087105870702599,6.463595372551562e-06,-1.5497311168928485
18.375,0.004948790141980873,0,-0.006866132568910824,0.0,-1.5497310134753226
18.407,0.004735721515661026,0,-0.006658394572495212,0.0,-1.5497310134753226
18.439,0.004521224249317883,0,-0.006703039573223212,0.0,-1.5497310134753226
18.471,0.004298662481593711,0,-0.00695505524138037,0.0001125218462477394,-1.5497292131257827
18.503,0.00412912072351454,0,-0.005298179939974093,0.0,-1.5497274127762428
18.519,0.003963190118953512,0,-0.010370662785065383,0.0,-1.5497274127762428
18.551,0.0038297688139240366,0,-0.004169415782171107,0.0,-1.5497274127762428
18.583,0.0036921381615646134,0,-0.004300957886231969,5.714271880307917e-05,-1.549726498492742
18.615,0.003481646510145396,0,-0.0065778641068505355,0.0,-1.549725584209241
18.647,0.0033690880618563526,0,-0.003517451509032606,0.0,-1.549725584209241
18.663,0.0032286254401226594,0,-0.008778913858354845,0.0,-1.549725584209241
18.695,0.003066662779773223,0,-0.005061333135919885,0.0,-1.549725584209241
18.727,0.0029818173256530994,0,-0.0026514204412538575,3.181702792345517e-05,-1.5497250751367941
18.759,0.0027996104780434253,0,-0.005693963987802312,0.0,-1.5497245660643473
18.791,0.002668856487381348,0,-0.004086062208189918,0.0,-1.5497245660643473
18.823,0.0025389647642683685,0,-0.004059116347280598,0.0,-1.5497245660643473
18.855,0.0023950444598925674,0,-0.00449750951174378,0.0,-1.5497245660643473
18.887,0.0022354852414109144,0,-0.004986225577551652,0.0,-1.5497245660643473
18.903,0.002101777397455422,0,-0.008356740247219207,0.0,-1.5497245660643473
18.935,0.0019751965353095105,0,-0.003955651942059726,4.810279109839985e-05,-1.5497237964196897
18.967,0.001867680430512761,0,-0.0033598782748984223,0.0,-1.5497230267750322
18.983,0.0017571707884206783,0,-0.006906852630754389,0.0,-1.5497230267750322
19.015,0.001626043864069615,0,-0.004097716385970722,0.0,-1.5497230267750322
19.031,0.0014928283664344469,0,-0.008325968602198931,0.0,-1.5497230267750322
19.047,0.0013825654625100742,0,-0.0068914314952725235,0.0,-1.5497230267750322
19.079,0.001340910362918682,0,-0.0013017218622310065,0.0,-1.5497230267750322
19.095,0.0012519399938083972,0,-0.005560648069393407,0.0,-1.5497230267750322
19.111,0.0011326743884825935,0,-0.007454100332861898,0.0,-1.5497230267750322
19.127,0.001082041244623251,0,-0.00316457149120925,0.0,-1.5497230267750322
19.159,0.0009437063260966036,0,-0.00432296620395773,0.0,-1.5497230267750322
19.175,0.0008279203972155341,0,-0.007236620555066032,0.0,-1.5497230267750322
19.207,0.0006428888985678255,0,-0.005782234332740889,0.0,-1.5497230267750322
19.239,0.0005287910255698247,0,-0.0035655585311875214,0.0,-1.5497230267750322
19.255,0.0005628460075041627,0,0.002128436370896362,0.0,-1.5497230267750322
19.287,0.0006094038174906946,0,0.0014549315620791194,0.0,-1.5497230267750322
19.303,0.0005954619694508445,0,-0.0008713655024905339,0.0,-1.5497230267750322
19.335,0.0003032393168682229,0,-0.009131957893206916,0.0,-1.5497230267750322
19.367,0.00019353091401014266,0,-0.003428387589315005,0.0,-1.5497230267750322
19.383,9.193335993595841e-05,0,-0.006349847129637215,0.0,-1.5497230267750322
19.431,-6.23130346770473e-06,0,-0.0020450971542429045,0.0,-1.5497230267750322
19.447,-0.00019910541286163874,0,-0.012054631837122203,0.0,-1.5497230267750322
19.479,-7.837224857171199e-05,0,0.0037729113840602076,0.0,-1.5497230267750322
19.495,-0.00010517315354150597,0,-0.0016750565606119365,0.0,-1.5497230267750322
19.527,-0.00018808741008970176,0,-0.002591070517131116,0.0,-1.5497230267750322
19.559,-0.0003001310662045717,0,-0.0035013642535896825,0.0,-1.5497230267750322
19.575,-0.0003560169561643567,0,-0.003492868122486947,0.0,-1.5497230267750322
19.607,-0.0003462165659929711,0,0.0003062621928557986,0.0,-1.5497230267750322
19.623,-0.0005334113716185737,0,-0.011699675351598852,0.0,-1.5497230267750322
19.655,-0.0005149634233927794,0,0.0005764983820560719,0.0,-1.5497230267750322
19.671,-0.0004422299336625246,0,0.004545843108141425,0.0,-1.5497230267750322
19.703,-0.0005287742992137606,0,-0.002704511423476123,0.0,-1.5497230267750322
19.719,-0.0005426175917519344,0,-0.0008652057836357616,0.0,-1.5497230267750322
19.751,-0.0007220284147643127,0,-0.005606588219136819,0.0,-1.5497230267750322
19.783,-0.0007164098774637626,0,0.0001755792906421928,0.0,-1.5497230267750322
19.815,-0.0008697730012786481,0,-0.004792597619215169,0.0,-1.5497230267750322
19.831,-0.0008578865487109608,0,0.0007429032854805402,0.0,-1.5497230267750322
19.863,-0.0009471340399543338,0,-0.0027889841013554037,0.0,-1.5497230267750322
19.895,-0.0010825784663825236,0,-0.0042326383258809285,0.0,-1.5497230267750322
19.927,-0.0011417152587420362,0,-0.0018480247612347681,0.0,-1.5497230267750322
19.959,-0.0011769642263204927,0,-0.0011015302368267636,0.0,-1.5497230267750322
19.991,-0.0012805839424031434,0,-0.003238116127582833,0.0,-1.5497230267750322
20.023,-0.001399919166538706,0,-0.0037292257542363236,0.0,-1.5497230267750322
20.055,-0.0013489223954918847,0,0.0015936490952131613,0.0,-1.5497230267750322
20.071,-0.001341350247772946,0,0.0004732592324336098,0.0,-1.5497230267750322
20.103,-0.001502636258033499,0,-0.0050401878206422735,0.0,-1.5497230267750322
20.135,-0.0013504971547753167,0,0.004754346976818193,0.0,-1.5497230267750322
20.167,-0.0013381660397995196,0,0.0003853473429936586,0.0,-1.5497230267750322
20.199,-0.0011785767719747417,0,0.004987164619524305,0.0,-1.5497230267750322
20.231,-0.0012074391023063416,0,-0.0009019478228624963,0.0,-1.5497230267750322
20.247,-0.0014194745443092405,0,-0.013252215125182638,0.0,-1.5497230267750322
20.279,-0.001165099128824891,0,0.007949231733885913,0.0,-1.5497230267750322
20.311,-0.0014700238091931717,0,-0.009528896261508761,0.0,-1.5497230267750322
20.343,-0.0013434067101096361,0,0.003956784346360482,0.0,-1.5497230267750322
20.359,-0.0015020370490255314,0,-0.009914396182242342,0.0,-1.5497230267750322
20.391,-0.0014782660120809046,0,0.0007428449045196673,0.0,-1.5497230267750322
20.423,-0.0016125422671557851,0,-0.004196132971090012,0.0,-1.5497230267750322
20.455,-0.0019715402509812643,0,-0.011218686994546215,-1.2818557738498992e-06,-1.5497230472847245
20.471,-0.0017646490893525393,0,0.012930697601793866,0.0,-1.5497230575395706
20.503,-0.001757281446525323,0,0.00023023883835050752,0.0,-1.5497230575395706
20.535,-0.00190816289880235,0,-0.0047150453836570854,0.0,-1.5497230575395706
20.567,-0.0016454786321204937,0,0.008208883333808002,0.0,-1.5497230575395706
20.599,-0.0017955664425615553,0,-0.004690244076283171,0.0,-1.5497230575395706
20.631,-0.001731113970919032,0,0.0020141397388288487,0.0,-1.5497230575395706
20.663,-0.0017184056002288658,0,0.0003971365840676942,0.0,-1.5497230575395706
20.679,-0.0017093278827980674,0,0.0005673573394249683,0.0,-1.5497230575395706
20.711,-0.0016320282834678887,0,0.002415612479068081,0.0,-1.5497230575395706
20.743,-0.0016455847810918633,0,-0.00042364055074920745,-3.0289295969744556e-06,-1.5497231060024441
20.775,-0.0020177412588562246,0,-0.01162988993013628,0.0,-1.5497231544653176
20.807,-0.0019281162577740804,0,0.002800781283817004,0.0,-1.5497231544653176
20.839,-0.0015905920122052941,0,0.010547632674024563,0.0,-1.5497231544653176
20.871,-0.0014525749844224306,0,0.004313032118214481,0.0,-1.5497231544653176
20.887,-0.0016415080137175964,0,-0.011808314330946538,0.0,-1.5497231544653176
20.919,-0.0014338490019896732,0,0.006489344116497591,0.0,-1.5497231544653176
20.951,-0.0012832701211655043,0,0.004705590025755276,0.0,-1.5497231544653176
