timestamp,acceleration,raw_acceleration,aStages,jerk,model_velocity,model_height
0.0,-0.010719142648570098,0.0221080326066052,0,0.0,0.0,0.0
0.032,-0.010556003430889478,0.0287967405315105,0,0.005098100552519366,0.0,0.0
0.048,-0.010205329280815544,0.036648811977317,0,0.021917134379620916,-6.492998964993386e-06,-5.1943991719947094e-08
0.08,-0.010045128748825731,0.029190067785942,0,0.005006266624681642,0.0,-1.558319751598413e-07
0.112,-0.009655000776076127,0.0387772933890833,0,0.012191499148425112,-0.00014570239983768352,-2.4870703725627776e-06
0.144,-0.009313067848269341,0.0371914245191773,0,0.010685403993962065,0.0,-4.818308769965713e-06
0.176,-0.009421833417268877,0.019054719077925,0,-0.0033989240312354762,-0.00024894991807582244,-8.801507459178873e-06
0.208,-0.009262028956527384,0.0299573247283076,0,0.0049938893981716585,-4.789171605656256e-05,-1.3550973605297033e-05
0.24,-0.008838782571136284,0.040918248099683,0,0.013226449543471862,0.0,-1.4317241062202033e-05
0.272,-0.00899985736690977,0.017384326057326,0,-0.005033587367921431,-0.00012292293950791865,-1.6284008094328734e-05
0.304,-0.008491944957580225,0.0446517266707767,0,0.0158722627915483,0.0,-1.825077512645543e-05
0.336,-0.008325207965375187,0.0311714469780015,0,0.005210531006407419,-0.00017186622346704533,-2.1000634701928156e-05
0.368,-0.0083333224923039,0.0241692716857228,0,-0.00025357896652226605,0.0,-2.375049427740088e-05
0.4,-0.008048046564619743,0.0361901657979217,0,0.008914872740129889,-0.000200504615700689,-2.6958568128611906e-05
0.416,-0.007901341510190396,0.0307940359221587,0,0.009169065901834205,0.0,-2.8562605054217414e-05
0.448,-0.0076318617549143535,0.0359745037113026,0,0.008421242352376325,-7.663097254084587e-05,-2.978870061487095e-05
0.48,-0.0076804041078342156,0.0232050770305466,0,-0.0015169485287456924,0.0,-3.101479617552448e-05
0.496,-0.007336374135265857,0.0392520000226438,0,0.021501873285522378,0.0,-3.101479617552448e-05
0.528,-0.006950397916602739,0.0413158260850972,0,0.012061756833222444,-0.0001703498051195216,-3.374039305743683e-05
0.544,-0.006727887337548772,0.0349997110797851,0,0.013906911190872904,0.0,-3.5103191498393e-05
0.56,-0.006792728499946627,0.0234408002593143,0,-0.00405257264986594,0.0,-3.5103191498393e-05
0.592,-0.0065675394113799725,0.0352671993864614,0,0.007037159017707976,-0.00010170530043392134,-3.673047630533574e-05
0.608,-0.006258002477724182,0.0389506501236826,0,0.019346058353486902,0.0,-3.754411870880711e-05
0.624,-0.006173046215318761,0.0300523795360732,0,0.005309766400338803,0.0,-3.754411870880711e-05
0.64,-0.006143535212746461,0.0278640801453208,0,0.0018444376607687132,0.0,-3.754411870880711e-05
0.672,-0.006029709433309431,0.031350496999347,0,0.0035570556074071918,-9.706259085251467e-05,-3.909712016244735e-05
0.704,-0.005724546305013782,0.0393091540819873,0,0.009536347759239058,0.0,-4.065012161608758e-05
0.736,-0.005700147103045897,0.0281029962308448,0,0.000762475061496397,0.0,-4.065012161608758e-05
0.768,-0.005511754427825609,0.0348511278361612,0,0.005887271100634008,-0.000147316201688584,-4.3007180843104926e-05
0.8,-0.005360652046357987,0.0335106184675221,0,0.004721949420863169,0.0,-4.536424007012227e-05
0.832,-0.005249676627591543,0.0320165153782415,0,0.0034679818364513966,0.0,-4.536424007012227e-05
0.864,-0.005077570494432918,0.0346338500870873,0,0.005378316661207018,-0.0001562759180111055,-4.786465475829996e-05
0.896,-0.005255213052198563,0.0204662598923508,0,-0.005551329930176397,0.0,-5.036506944647765e-05
0.928,-0.005159580743241243,0.0314928868702267,0,0.0029885096549162413,0.0,-5.036506944647765e-05
0.944,-0.005023135845957264,0.0332618353005771,0,0.008527806080248753,-6.969888819783297e-05,-5.092266055206031e-05
0.976,-0.004713197424384755,0.0405115146936907,0,0.009685575674140889,0.0,-5.2037842763225644e-05
1.008,-0.004733527583244246,0.0272804413175513,0,-0.0006353174643590774,0.0,-5.2037842763225644e-05
1.04,-0.004782692444386966,0.0260778883650794,0,-0.0015364019107100137,-2.8887341087469043e-05,-5.250004022062515e-05
1.072,-0.004513389953967745,0.0390858849179763,0,0.008415702825600668,0.0,-5.296223767802466e-05
1.104,-0.004482599080517385,0.0295762111126723,0,0.0009622147953237473,0.0,-5.296223767802466e-05
1.136,-0.0038087402336312755,0.0559727888969883,0,0.02105808896519104,0.0,-5.296223767802466e-05
1.168,-0.004114783543375758,0.0164706593220201,0,-0.009563853429515068,-8.099829347139702e-05,-5.425821037356701e-05
1.2,-0.003995629664384631,0.0335977007504356,0,0.0037235587184727068,0.0,-5.555418306910936e-05
1.232,-0.0035157420516180767,0.0485069377142193,0,0.014996487898954816,0.0,-5.555418306910936e-05
1.264,-0.0034468253768347792,0.0321370168696723,0,0.0021536460869780423,0.0,-5.555418306910936e-05
1.296,-0.003174270282919698,0.0405551087288587,0,0.008517346684846282,-4.828546166292351e-05,-5.632675045571614e-05
1.312,-0.0032497210603913,0.0265594230959198,0,-0.004715673591975133,0.0,-5.6713034149019527e-05
1.344,-0.0034051737447806513,0.0232038941348205,0,-0.004857896387167218,0.0,-5.6713034149019527e-05
1.376,-0.0030760507675627394,0.042916043576329,0,0.01028509303805981,0.0,-5.6713034149019527e-05
1.392,-0.002907986186646165,0.036641772305192,0,0.010504036307285884,0.0,-5.6713034149019527e-05
1.424,-0.003023704626054946,0.0251747330527691,0,-0.003616201231524402,0.0,-5.6713034149019527e-05
1.456,-0.0029889354962052313,0.0312290049529586,0,0.001086535307803586,-4.883689208270807e-05,-5.7494424422342854e-05
1.488,-0.0031283781653696843,0.0241210903232274,0,-0.0043575834113891545,0.0,-5.827581469566618e-05
1.52,-0.002990852346053924,0.0353373556817517,0,0.004297681853617513,0.0,-5.827581469566618e-05
1.552,-0.002960627161205827,0.0310755554878932,0,0.0009445370265030286,0.0,-5.827581469566618e-05
1.584,-0.003059252436049216,0.0258229118253904,0,-0.0030820398388559074,0.0,-5.827581469566618e-05
1.616,-0.0030179661590895163,0.0314606601744737,0,0.0012901961549906151,-3.33988420451424e-05,-5.881019616838846e-05
1.632,-0.00272918564096861,0.0416492103390429,0,0.01804878238255687,0.0,-5.9077386904749596e-05
1.664,-0.0029777930348191227,0.0199050864663356,0,-0.007768981057828512,0.0,-5.9077386904749596e-05
1.68,-0.0029332389165544134,0.0316761010692092,0,0.002784632391544326,0.0,-5.9077386904749596e-05
1.712,-0.0027923124167299612,0.0356719228314233,0,0.004403953119514127,0.0,-5.9077386904749596e-05
1.744,-0.002697066810844969,0.0339399326797299,0,0.0029764251839060046,0.0,-5.9077386904749596e-05
1.776,-0.0028800317681659283,0.0226285451941709,0,-0.005717654916279975,0.0,-5.9077386904749596e-05
1.792,-0.0025845560812925057,0.0420616466488195,0,0.018467230429588897,-3.0365139902791688e-05,-5.932030802397193e-05
1.824,-0.002566075070158113,0.0310003406303928,0,0.0005775315979497734,0.0,-5.98061502624166e-05
1.84,-0.0027662317264405163,0.0220546772774385,0,-0.0125097910176502,0.0,-5.98061502624166e-05
1.856,-0.0028708818761378554,0.0257702873911438,0,-0.0065406343560836895,0.0,-5.98061502624166e-05
1.904,-0.0027648194901957884,0.0343048512026621,0,0.002209633040459738,0.0,-5.98061502624166e-05
1.92,-0.0027251584365713434,0.0316884589635817,0,0.002478815851527812,0.0,-5.98061502624166e-05
1.952,-0.002810663851141419,0.0265962948212308,0,-0.0026720442053148664,0.0,-5.98061502624166e-05
1.984,-0.0026977742117866334,0.0346449866175801,0,0.003527801229837054,-5.641542333581495e-05,-6.070879703578964e-05
2.0,-0.0027268113016402223,0.0289388803593914,0,-0.0018148181158493088,0.0,-6.116012042247615e-05
2.032,-0.0026823642870582934,0.031922691551394,0,0.0013889692056852786,0.0,-6.116012042247615e-05
2.048,-0.0026152432735472853,0.0328967725220683,0,0.004195063344438005,0.0,-6.116012042247615e-05
2.064,-0.00252923612880988,0.0337382249158615,0,0.005375446546087816,0.0,-6.116012042247615e-05
2.096,-0.0024483495186794213,0.0336142901417141,0,0.0025277065665768356,0.0,-6.116012042247615e-05
2.112,-0.0025141895385348903,0.0276793849224215,0,-0.004115001240966809,0.0,-6.116012042247615e-05
2.144,-0.0024494547623288322,0.0329671115410887,0,0.0020229617564393133,0.0,-6.116012042247615e-05
2.176,-0.0023980253368069103,0.0324863269392452,0,0.0016071695475600586,-4.6215285783642035e-05,-6.189956499501442e-05
2.192,-0.0025256003667422852,0.0251985736910179,0,-0.007973439370960926,0.0,-6.226928728128356e-05
2.224,-0.002235974543006003,0.0421762336616206,0,0.009050806991758812,0.0,-6.226928728128356e-05
2.256,-0.0024047858819183504,0.0236699358167629,0,-0.005275354341010926,0.0,-6.226928728128356e-05
2.272,-0.002520558700332888,0.0256757038182607,0,-0.0072358011509085956,0.0,-6.226928728128356e-05
2.304,-0.0020084296142618523,0.0513039090837546,0,0.016004033939719855,0.0,-6.226928728128356e-05
2.32,-0.003926534174940124,-0.0478235413468958,0,-0.11988153504239187,0.0,-6.226928728128356e-05
2.352,-0.00440932728326221,0.0091061236390295,0,-0.015087284635065179,-2.8761720103177152e-05,-6.272947480293438e-05
2.384,-0.004272884014290743,0.0340120219997431,0,0.004263852155358328,0.0,-6.318966232458521e-05
2.416,-0.002752184092774331,0.0909029880230573,0,0.047521872547387836,0.0,-6.318966232458521e-05
2.448,-0.0028131969781685223,0.0275734628612389,0,-0.0019066526685684723,0.0,-6.318966232458521e-05
2.48,-0.002161497890003694,0.0567336408917646,0,0.020365596505150865,0.0,-6.318966232458521e-05
2.496,-0.002149968235082414,0.0311383932169441,0,0.0007206034325800061,0.0,-6.318966232458521e-05
2.528,-0.001980985818293278,0.0376054861084473,0,0.005280700524660496,-4.930639945760658e-05,-6.397856471590692e-05
2.56,-0.0016408056097414955,0.0447935779875049,0,0.010630631517243192,0.0,-6.476746710722863e-05
2.576,-0.0009492959078280794,0.0595382674238838,0,0.04321935636958847,0.0,-6.476746710722863e-05
2.608,-0.000838209105815696,0.0364324382298548,0,0.0034714625628869786,0.0,-6.476746710722863e-05
2.624,-0.0002507305870029092,0.0560755854206838,0,0.03671740742579914,0.0,-6.476746710722863e-05
2.656,-0.0004912908652393577,0.0227134732604779,0,-0.00751750869488901,0.0,-6.476746710722863e-05
2.688,-0.0007279023015006672,0.0226348155032222,0,-0.007394107383165914,0.0,-6.476746710722863e-05
2.72,-0.0005284897981390202,0.0402751855915022,0,0.006231640730051464,0.0,-6.476746710722863e-05
2.752,-0.0005089206828452694,0.0331010191840801,0,0.0006115348529297195,0.0,-6.476746710722863e-05
2.768,0.00013098779333006044,0.0585545020955182,0,0.03999427976095808,0.0,-6.476746710722863e-05
2.8,0.00021041643436871954,0.0362147373310904,0,0.0024821450324580946,0.0,-6.476746710722863e-05
2.816,1.36570648589171e-05,0.024970457539642,0,-0.012297460594362642,0.0,-6.476746710722863e-05
2.848,-0.00015274707155992634,0.0260182627268614,0,-0.005200129263088853,0.0,-6.476746710722863e-05
2.88,-0.0003484200653145822,0.0246518354396745,0,-0.00611478105483299,0.0,-6.476746710722863e-05
2.912,-0.0002172285726837475,0.0378576063877249,0,0.00409973414471358,0.0,-6.476746710722863e-05
2.944,-0.00018999153480114828,0.0337266652356781,0,0.0008511574338312253,0.0,-6.476746710722863e-05
2.96,-0.00019023393277987216,0.0326272454032464,0,-1.51498736702428e-05,0.0,-6.476746710722863e-05
2.992,-0.0002449678297325314,0.0303928515473361,0,-0.0017104342797705995,0.0,-6.476746710722863e-05
3.024,-0.00031297034371392807,0.0297941043522054,0,-0.0021250785619186443,0.0,-6.476746710722863e-05
3.056,-0.0002709231999172071,0.034238137807127,0,0.0013139732436475294,0.0,-6.476746710722863e-05
3.072,-0.0002171576129321312,0.0347606411216462,0,0.00336034918656724,0.0,-6.476746710722863e-05
3.104,-0.0002502832955895637,0.0312518646532883,0,-0.0010351775830447644,0.0,-6.476746710722863e-05
3.12,-0.0002972834376953684,0.0306498861332476,0,-0.0029375088816127925,0.0,-6.476746710722863e-05
3.152,-0.000206094437354698,0.0362686408314473,0,0.0028496562606459474,0.0,-6.476746710722863e-05
3.168,-0.00021248953178754776,0.0323588819460735,0,-0.00039969340205310875,0.0,-6.476746710722863e-05
3.2,-0.0003914257948082686,0.0252782989395381,0,-0.0055917582193975215,0.0,-6.476746710722863e-05
3.216,-0.0005453556067242515,0.0261246271718115,0,-0.009620613244748924,0.0,-6.476746710722863e-05
3.248,-0.0005566396530323967,0.0318191737498169,0,-0.00035262644712953444,0.0,-6.476746710722863e-05
3.28,-0.0005930456698005696,0.0307778889146477,0,-0.0011376880240054179,0.0,-6.476746710722863e-05
3.296,-0.0005098679011137086,0.0356444181015358,0,0.0051986105429288046,0.0,-6.476746710722863e-05
3.328,-0.00047315497092716846,0.0338225374917094,0,0.0011472790683293786,0.0,-6.476746710722863e-05
3.36,-0.000509599670205127,0.0308597876138516,0,-0.0011388968524362025,0.0,-6.476746710722863e-05
3.392,-0.0005661816042365625,0.0299977162896811,0,-0.0017681854384823585,0.0,-6.476746710722863e-05
3.408,-0.0006634148748018986,0.0282744295577598,0,-0.006077079410333504,0.0,-6.476746710722863e-05
3.424,-0.0007741252469406698,0.0276246351226836,0,-0.006919398258673192,0.0,-6.476746710722863e-05
3.456,-0.0006397662946590818,0.0375617670517798,0,0.004198717258799622,0.0,-6.476746710722863e-05
3.504,-0.0006469623905436539,0.0318923690292487,0,-0.00014991866426191852,0.0,-6.476746710722863e-05
3.52,-0.0006313280441145874,0.0328212210682232,0,0.0009771466518166535,-6.126665501130293e-06,-6.481648043123766e-05
3.552,-0.0006594936060655143,0.0310410591710726,0,-0.0008801738109664648,0.0,-6.491450707925575e-05
3.568,-0.0006324895693715429,0.0332748471535624,0,0.0016877522933732103,0.0,-6.491450707925575e-05
3.6,-0.0006385817346314035,0.0319449069101493,0,-0.00019038016437064234,0.0,-6.491450707925575e-05
3.632,-0.0006810355758980619,0.0304479860286108,0,-0.0013266825395830725,0.0,-6.491450707925575e-05
3.648,-0.0007230483375085042,0.0304236164532489,0,-0.002625797600652646,0.0,-6.491450707925575e-05
3.68,-0.0006519287042327862,0.0350200318819711,0,0.002222488539866186,0.0,-6.491450707925575e-05
3.696,-0.0005258224035444847,0.0373456048791628,0,0.007881643793018835,0.0,-6.491450707925575e-05
3.712,-0.0006355284182204823,0.0278034062499147,0,-0.0068566259172498445,0.0,-6.491450707925575e-05
3.744,-0.0006133169390177412,0.0331023174842672,0,0.0006941087250856598,0.0,-6.491450707925575e-05
3.76,-0.000557558320432,0.0344999616781727,0,0.003484913661608916,0.0,-6.491450707925575e-05
3.776,-0.000633333554617678,0.0291628323331304,0,-0.004735952136604867,0.0,-6.491450707925575e-05
3.808,-0.0006071868833474325,0.0332658552226375,0,0.0008170834771951695,0.0,-6.491450707925575e-05
3.824,-0.0006168828641257007,0.0318224531599188,0,-0.0006059987986417598,0.0,-6.491450707925575e-05
3.84,-0.0006039733607596728,0.0327395820290566,0,0.0008068439603767407,0.0,-6.491450707925575e-05
3.872,-0.0006510984208743589,0.0302910744297134,0,-0.001472658128583939,0.0,-6.491450707925575e-05
3.888,-0.0006506732862630524,0.0321935073533645,0,2.657091320665964e-05,0.0,-6.491450707925575e-05
3.92,-0.0007848848614806433,0.026673827384991,0,-0.004194111725549714,0.0,-6.491450707925575e-05
3.936,-0.000697739279838086,0.0356152592410394,0,0.005446598852659827,0.0,-6.491450707925575e-05
3.968,-0.0006790554201662746,0.0328954742218815,0,0.000583870614744106,0.0,-6.491450707925575e-05
3.984,-0.0007196016774255187,0.0304857232873797,0,-0.002534141078702754,0.0,-6.491450707925575e-05
4.016,-0.0006701038184193722,0.0341369857970018,0,0.001546808093942077,0.0,-6.491450707925575e-05
4.048,-0.0006603165622429408,0.0325583489399893,0,0.00030585175551348245,0.0,-6.491450707925575e-05
4.064,-0.0005997805929742334,0.0346488334329492,0,0.00378349807929421,0.0,-6.491450707925575e-05
4.096,-0.0005500756744027599,0.0342652963236314,0,0.0015532787053585445,0.0,-6.491450707925575e-05
4.128,-0.000548151351139968,0.0323559968345469,0,6.0135101962246974e-05,0.0,-6.491450707925575e-05
4.144,-0.000601164968600236,0.0301054655881641,0,-0.003313351091266747,0.0,-6.491450707925575e-05
4.176,-0.0006934734606949197,0.0284413621106931,0,-0.002884640377958864,0.0,-6.491450707925575e-05
4.215,-0.0008115182190190987,0.0272938667031887,0,-0.00302678867497897,0.0,-6.491450707925575e-05
4.247,-0.0007317797758689543,0.035284933205312,0,0.00249182634844201,0.0,-6.491450707925575e-05
4.263,-0.0008301194167561962,0.0280634702029292,0,-0.006146227555452617,0.0,-6.491450707925575e-05
4.295,-0.0024697220945828283,-0.0352266539524729,0,-0.051237583682082206,-4.615206254236087e-05,-6.565294007993352e-05
4.343,-0.003989185361297415,-0.0319405407747057,0,-0.03165548472322052,0.0,-6.676058958095019e-05
4.359,-0.004335473381151891,0.0146401810798443,0,-0.021643001240904722,0.0,-6.676058958095019e-05
4.391,-0.006804626987546771,-0.0727435959881669,0,-0.07716105019983995,0.0,-6.676058958095019e-05
4.407,-0.005709378280380848,0.0709277452614312,0,0.06845304419787013,-4.6116759465681875e-05,-6.712952365667564e-05
4.439,-0.006865969740178387,-0.0203024528769047,0,-0.036143483118673055,0.0,-6.786739180812654e-05
4.471,-0.008975750954527836,-0.0605398242733306,0,-0.06593066294842023,-7.898589099285952e-07,-6.78800295506854e-05
4.503,-0.010711963585744718,-0.0473332935792448,0,-0.054256644725527506,0.0,-6.789266729324427e-05
4.519,-0.013129528362589842,-0.0770049441812195,0,-0.15109779855282007,-6.525227140966039e-06,-6.7944869110372e-05
4.551,-0.014833989857739607,-0.050185274408555,0,-0.053264421723430135,0.0,-6.804927274462745e-05
4.567,-0.01688660819599056,-0.0661641664708535,0,-0.12828864614068453,-0.0002077063030960797,-6.971092316939608e-05
4.599,-0.018833337875349014,-0.0638753497945119,0,-0.06083530247995159,-0.0002792254402375141,-7.750183106273358e-05
4.615,-0.020680737839576586,-0.0617495611535041,0,-0.11546249776422317,-9.533804595691919e-05,-8.049833895228905e-05
4.647,-0.02221681490547548,-0.0508327222862561,0,-0.048002408309340404,-0.0002816988898777517,-8.653092992564379e-05
4.663,-0.023525629498020895,-0.0430510379446621,0,-0.0818009120340883,-0.00014763844510572166,-8.996562860551158e-05
4.679,-0.024438967707145168,-0.0281453208169409,0,-0.05708363807026702,-3.135522274705024e-05,-9.139757794833376e-05
4.711,-0.025637628002900027,-0.040756864577919,0,-0.037458134242339305,-0.0003325807541077752,-9.722055357801097e-05
4.727,-0.026547253079946428,-0.0301050809066272,0,-0.056851567315400024,-0.00025005980277054835,-0.00010188167803303756
4.759,-0.027729054009960806,-0.0421739159553607,0,-0.03693127906294929,-0.000618480716209065,-0.00011577832633671139
4.791,-0.028767556338526925,-0.0374804742259964,1,-0.032453197767691185,-0.001522426481784868,-0.00015003284150461434
4.823,-0.02981408334231165,-0.0388479882385253,1,-0.03270396886827261,-0.0024597327166782867,-0.00021374738868002488
4.855,-0.031098374711100114,-0.0496428542074635,1,-0.040134105274639495,-0.003434332045532875,-0.00030805242487540353
4.871,-0.032413838341629975,-0.0522052083076492,1,-0.08221647690811619,-0.003942429749954714,-0.0003670665192393043
4.903,-0.033825999958564515,-0.0574852893807707,1,-0.044130050529205565,-0.005002267162757798,-0.0005101816698427007
4.919,-0.035521550235554,-0.070516386059958,1,-0.10597189231184265,-0.005557047564310746,-0.0005946561876592491
4.951,-0.03706567463544369,-0.0660034753758561,1,-0.04825388749655282,-0.00671844316224671,-0.0007910640392841685
4.983,-0.03921729836365631,-0.0924550722369858,1,-0.06723824150664433,-0.007938970730232312,-0.0010255826615638332
4.999,-0.04113925914846001,-0.0851905152854328,1,-0.12012254905023124,-0.008581823190329244,-0.0011577490129283257
5.015,-0.042890951077631884,-0.0801314529893312,1,-0.10948074557324185,-0.00925406487213798,-0.0013004361174280637
5.047,-0.04462077019464214,-0.0809863596198772,1,-0.054056847406570456,-0.010654252412494365,-0.0016189691939821815
5.079,-0.045951993972295796,-0.0663737698232667,1,-0.04160074305167672,-0.012103416639165372,-0.0019830918988087377
5.111,-0.04673869388864548,-0.0453795152874575,1,-0.024584372385927648,-0.013586467644940432,-0.002394130047354431
5.127,-0.04763961004072212,-0.0508490808686123,1,-0.0563072595047898,-0.014341494076375375,-0.0026175537411249577
5.159,-0.04845791227506151,-0.0483628263934617,1,-0.025571944823105854,-0.015879054433427915,-0.003101082517281811
5.191,-0.04958681018278799,-0.0619155512366718,1,-0.0352780596164525,-0.017447769992753506,-0.0036343117081007142
5.223,-0.05104619522509228,-0.076594421662089,1,-0.045605782572009104,-0.019057898079279594,-0.004218402397253245
5.255,-0.05263351902652314,-0.083299295828582,1,-0.04960386879471435,-0.02071677350730544,-0.004854797142638606
5.287,-0.05426637967215933,-0.0867536302424315,1,-0.0510268951761309,-0.02242717188648436,-0.005545100268939243
5.303,-0.05596318252752775,-0.0910081214870892,1,-0.1060501784605261,-0.023309008384081856,-0.005910989711103773
5.335,-0.05770946547940339,-0.0947336082992539,1,-0.054571342246113784,-0.025127770752192753,-0.006685978177284168
5.367,-0.05926083728751411,-0.0884885343567673,1,-0.04848036900345996,-0.026999295596463434,-0.0075200112388626675
5.383,-0.060582567606300625,-0.0806246051025855,1,-0.08260814492415687,-0.027958042835613955,-0.007959669946319288
5.415,-0.061941581936431234,-0.0834749798864804,1,-0.0424691978165815,-0.02991842922829767,-0.008885693499341875
5.447,-0.06288225247160883,-0.0676818986235375,1,-0.02939595422430001,-0.03191561057882631,-0.00987503813625586
5.463,-0.06387909169212026,-0.0709254852574022,1,-0.06230245128196419,-0.032929701332136144,-0.01039380063154356
5.495,-0.06492279299315115,-0.0738436697792115,1,-0.03261566565721524,-0.03499053148710049,-0.011480524356651348
5.527,-0.06594895228382439,-0.0741681486555779,1,-0.03206747783353854,-0.037084479411532104,-0.012633724531029471
5.559,-0.06724023075568608,-0.0860641943749785,1,-0.04035245224567795,-0.039215506340164276,-0.013854524303056615
5.591,-0.06845137141577144,-0.0840698225640108,1,-0.037848145627667494,-0.041386571974907596,-0.015144157556097765
5.623,-0.06970530649696918,-0.0870355344897032,1,-0.03918547128742936,-0.043597078821511454,-0.01650389596884047
5.655,-0.07074989347076294,-0.079706197167338,1,-0.03264334293105479,-0.045844362020995164,-0.017934959022320576
5.687,-0.07173503392640969,-0.0783134768971045,1,-0.03078563923896097,-0.04812412085934993,-0.0194384547484061
5.719,-0.07242064374795418,-0.0670178613545583,1,-0.02142530692326526,-0.05043061170213975,-0.021015330469389935
5.735,-0.07301709162321848,-0.064047831378615,1,-0.037277992204019055,-0.051594113585109125,-0.02183152827168793
5.767,-0.07363736561456814,-0.0656211500133793,1,-0.019383562229676847,-0.05394058490091372,-0.023520083447464295
5.783,-0.07439373913573424,-0.0718215047272032,1,-0.04727334507288127,-0.055124833738916135,-0.024392606796582936
5.815,-0.07496739166683289,-0.0650863176556029,1,-0.017926641596832642,-0.05751461183175721,-0.026194837925713713
5.831,-0.07556926584197055,-0.0668170575923015,1,-0.037617135946103504,-0.058718905091827645,-0.027124706061102392
5.863,-0.07606939218454123,-0.0632472706321928,1,-0.01562894820533385,-0.06114512362025183,-0.029042530520495664
5.895,-0.07661382628841311,-0.065564015188113,1,-0.0170135657459967,-0.06358805511581904,-0.031038261380272745
5.927,-0.07741629481949022,-0.0766878608073995,1,-0.025077141596159775,-0.0660525370535455,-0.03311251085498258
5.959,-0.07813322087853666,-0.0739830879852189,1,-0.02240393934520126,-0.06854132930471393,-0.035266012716714736
5.991,-0.07882939935274633,-0.073849363065957,1,-0.021755577319051957,-0.07105273122841446,-0.037499517685244795
6.007,-0.07948415674742501,-0.072847277279397,1,-0.04092233716741774,-0.07231923967721583,-0.03864649345248984
6.039,-0.07986674560773417,-0.062343124764925,1,-0.011955901884661252,-0.07486885411489838,-0.04100150295316367
6.055,-0.0805410407294814,-0.0746856703441949,1,-0.04214344510920176,-0.0761521164055961,-0.042209670717327626
6.087,-0.08114888947318014,-0.0726356639659539,1,-0.01899527324058547,-0.0787391552888387,-0.04468793106443859
6.119,-0.08200712311370612,-0.0835092934795704,1,-0.02681980126643683,-0.08134965149022888,-0.04724935197290367
6.135,-0.08250631190799364,-0.0696466884243188,1,-0.031199299642970114,-0.08266575897040249,-0.04856147525658872
6.167,-0.08314112353073694,-0.0757064131852936,1,-0.01983786321072812,-0.08531611793742218,-0.05124918528711392
6.183,-0.08374219974249165,-0.0749580729575048,1,-0.03756726323466977,-0.08665118452360801,-0.05262492370680216
6.215,-0.0841990627923182,-0.0696464095302046,1,-0.014276970307079596,-0.08933824472416498,-0.055440754574766535
6.247,-0.08478337632725164,-0.0753287424694134,1,-0.01825979796666979,-0.0920419637500781,-0.058342837910354425
6.279,-0.08580564647112916,-0.0938692769710548,1,-0.03194594199617268,-0.0947713881148522,-0.06133185154019331
6.311,-0.08732680123090349,-0.115345816366701,1,-0.04753608624294757,-0.09754150727808472,-0.0644088578664803
6.327,-0.08938227749842767,-0.1387741529442193,1,-0.12846726672026137,-0.09895517990791937,-0.06598083136396835
6.359,-0.09347318123686266,-0.2242821555190865,1,-0.12784074182609323,-0.10188086724768401,-0.069194208118458
6.391,-0.0962567476279604,-0.1747722280166952,1,-0.08698644972180426,-0.10491654610952118,-0.07250296673217328
6.407,-0.09759936239602914,-0.118476777863603,1,-0.08391342300429615,-0.10646739498971311,-0.07419403826096715
6.439,-0.09733651957758871,-0.0539956315847962,1,0.008213838076263299,-0.10958636910129099,-0.07765089848642322
6.471,-0.09661985105043418,-0.035125934709077,1,0.022395891473579104,-0.11268967103133937,-0.0812073151285453
6.487,-0.09576863797657051,-0.0288929397668483,1,0.05320081711647924,-0.1142287789435554,-0.08302266272834447
6.519,-0.09332666774756566,0.0371793166678036,1,0.07631156965640132,-0.11725430383514157,-0.08672639205280362
6.535,-0.09097537545507828,0.0359034914995926,1,0.14695576828046153,-0.11872872018076272,-0.08861425624493086
6.567,-0.08881131713040236,0.0305781911118097,1,0.06762682264612249,-0.12160530726213042,-0.09245960068401715
6.599,-0.08819756512542434,-0.0308203096711282,1,0.019179750155562895,-0.12443744937822365,-0.09639628479026283
6.631,-0.08787092586937811,-0.0419781803723528,1,0.010207476751444662,-0.12725454523414048,-0.10042335670406066
6.647,-0.08777054190081082,-0.0509280079029439,1,0.0062739980354557055,-0.12865967697630198,-0.1024706704817442
6.679,-0.08800964247008593,-0.0647464899859145,1,-0.007471892789847032,-0.13147215992623634,-0.10663277987218482
6.695,-0.08853082949831129,-0.0765511353721505,1,-0.0325741892640849,-0.13288448370198352,-0.10874763302121059
6.727,-0.08954312792071212,-0.0972078895615694,1,-0.03163432570002595,-0.1357336670206879,-0.11304552343277333
6.743,-0.09048739449113855,-0.0954308820530205,1,-0.05901666065165166,-0.1371739111999827,-0.11522878405853869
6.775,-0.09130794399943684,-0.0913027490761932,1,-0.02564217213432173,-0.14008263661583192,-0.11966488882359173
6.791,-0.09218758704841218,-0.0945461337522502,1,-0.05497769056095852,-0.14155060086421473,-0.12191795472343211
6.823,-0.0923907258287068,-0.0676891017853157,1,-0.0063480868842070584,-0.14450385387024864,-0.12649482599918352
6.839,-0.09268574466816337,-0.0716593229912505,1,-0.01843867746603547,-0.1459844656342236,-0.1288187325552193
6.871,-0.09280262717927149,-0.0646507523684207,1,-0.0036525784721285243,-0.14895227958378257,-0.1335377204787074
6.903,-0.09254706086433434,-0.0494972330116736,1,0.007986447341785982,-0.15191787459248018,-0.1383516429455275
6.935,-0.09228573097056289,-0.049005359964529,1,0.008166559180357816,-0.15487519926183854,-0.14326033212719658
6.951,-0.09178206264739198,-0.0388081544653803,1,0.031479270198181565,-0.1563477416107822,-0.14575011565417753
6.983,-0.09123360414005222,-0.0364680885912862,1,0.01713932835436777,-0.1592759922793813,-0.15080009539642014
7.015,-0.09058046578230061,-0.0316277562170604,1,0.020410573679737597,-0.16218501739813895,-0.15594347155126048
7.047,-0.09001208020465107,-0.0344494818434944,1,0.01776204930154823,-0.1650744981339302,-0.1611796237997736
7.063,-0.08950734697427834,-0.0364908425041932,1,0.03154582689829548,-0.16651065355136163,-0.16383230501325594
7.095,-0.08884586475014193,-0.0295594005295102,1,0.020671319504262757,-0.16936430493895235,-0.16920630434910097
7.111,-0.08833499433635253,-0.0350730025296011,1,0.031929400861837605,-0.17078175181164432,-0.17192747280310575
7.143,-0.08811026280667353,-0.0462938263643375,1,0.007022860302468772,-0.17360487592593274,-0.177437658846907
7.175,-0.08761539384212017,-0.0349934600048103,1,0.015464655142292588,-0.17641648643231345,-0.18303800064463893
7.191,-0.08727138865450765,-0.0406840058948321,1,0.021500324225782304,-0.17781558069228648,-0.18587185718163574
7.223,-0.08702767050349715,-0.0444517692079013,1,0.007616192219078107,-0.18060436563881455,-0.19160657632293335
7.255,-0.08642303834768261,-0.0294105768599259,1,0.018894754869204222,-0.18337957698043342,-0.19743031940484132
7.271,-0.08603385105789169,-0.0376391842110789,1,0.024324205611932888,-0.18475923209567802,-0.20037542987745022
7.319,-0.08555594084604473,-0.0336123571169911,1,0.009956462746811548,-0.1888773871013725,-0.20934270873817945
7.351,-0.0849855173316956,-0.0293414015025546,1,0.017825734823410395,-0.19160605043221635,-0.21543044373871686
7.367,-0.08438056439064667,-0.0273552714935147,1,0.03780955881555779,-0.19296097908599508,-0.21850697997486257
7.399,-0.08392328559847059,-0.0328049586562512,1,0.014289962255502492,-0.19565384068582095,-0.22472481709121164
7.415,-0.08343433949758722,-0.0310493202070773,1,0.030559131305210915,-0.19699270168658942,-0.22786598943019093
7.431,-0.08300216714907502,-0.0328880979534115,1,0.02701077178201246,-0.1983241937397627,-0.23102852459360174
7.463,-0.08092958024553666,0.0348010711511734,1,0.06476834073557358,-0.2009471016980765,-0.23741686532060716
7.479,-0.08057658055658035,-0.0336294177431522,1,0.022062480559769684,-0.20223915098449344,-0.2406423553420677
7.511,-0.08021105260024497,-0.0327627590916543,1,0.011422748635480501,-0.20481175311500263,-0.24715516980765964
7.527,-0.07990230583664061,-0.0347252600372908,1,0.019296672725272416,-0.2060926599824977,-0.25044240511243965
7.559,-0.07961133514625304,-0.0351453322755747,1,0.009092834074611493,-0.208644878238224,-0.2570782057239712
7.591,-0.07784795640789288,0.0255143683816892,1,0.05510558557375497,-0.21116422690309034,-0.2637951514062323
7.623,-0.07593452579897467,0.033429873812929,1,0.05979470652869417,-0.21362474661840022,-0.27059177498257614
7.655,-0.07409266743301182,0.0324088424606771,1,0.05755807393633886,-0.216025181710112,-0.27746617383583233
7.671,-0.07220069311514929,0.0363054548545275,1,0.11824839486640817,-0.2171955285944973,-0.2809319395182692
7.703,-0.07045372133416566,0.032252325160355,1,0.05459286815573823,-0.21947799922568637,-0.2879187159633922
7.735,-0.06877690721397622,0.031122832848777,1,0.052400441255919965,-0.22170568928245662,-0.2949776549795225
7.767,-0.06862421721798245,-0.0296894421230559,1,0.004771562374805342,-0.22390410727336796,-0.3021074117244157
7.799,-0.06694102130341578,0.0332139905344263,1,0.052599872330208415,-0.22607315108971032,-0.30930704785822494
7.815,-0.0654009443419544,0.0290293093716758,1,0.09625481009133642,-0.22713188681487329,-0.31293268816146164
7.847,-0.06377174803538017,0.0342232794827646,1,0.05091238458044445,-0.22919864989291064,-0.3202339767487862
7.879,-0.0621641031081175,0.0349688692375647,1,0.05023890397695994,-0.23121362351120656,-0.32760057312325186
7.895,-0.06067130492887307,0.0318677974960798,1,0.0932998862027767,-0.23219630677550246,-0.3313078525655455
7.927,-0.059084525135959964,0.0372138418357396,1,0.04958686852853454,-0.23411240005653977,-0.3387687918748582
7.959,-0.05737012835024578,0.044032918333497,1,0.05357489955356812,-0.23597567451231904,-0.34629020106795994
7.975,-0.05617942237326615,0.0242759919610946,1,0.07441912356122721,-0.23688407091810715,-0.35007307903140333
8.023,-0.054839508309381946,0.0315842295011613,1,0.02791487633092083,-0.23954852525449072,-0.3615074613395457
8.039,-0.05344295249258216,0.0352464554345846,1,0.08728473854998668,-0.24041478494090646,-0.3653471678211089
8.071,-0.05205099522179467,0.0364544708648803,1,0.04349866471210899,-0.2421026881043365,-0.3730674473898328
8.103,-0.05059120631948254,0.0406275250281782,1,0.04561840319725406,-0.24374496332899692,-0.38084100981276614
8.119,-0.04937406701017458,0.0321386806173192,1,0.07607120683174745,-0.24454468551563419,-0.3847473270035232
8.151,-0.0474414666544511,0.0626897228296631,1,0.060393761116358635,-0.2460937340542682,-0.39259754171664163
8.183,-0.04596453961074701,0.0459397173925922,1,0.046153970115752826,-0.24758823015451137,-0.40049645314398213
8.199,-0.044046360795045536,0.0655079670881885,1,0.11988617598134184,-0.2483083173577577,-0.4044636255240803
8.231,-0.04309059614333727,0.0279671651801689,1,0.029867645365883363,-0.24970250866877186,-0.41243179874050473
8.247,-0.042184429474472276,0.0268894125353025,1,0.056635416804061894,-0.25038470887371433,-0.4164324964808446
8.279,-0.04116657313139448,0.0323748558468929,1,0.03180801072118122,-0.2517183249154082,-0.4244661450214706
8.295,-0.04023807241147146,0.0297291316406245,1,0.058031294995188436,-0.25236956207975114,-0.4284988481174319
8.327,-0.040832772530699654,-0.0317936020446521,1,-0.018584378725881028,-0.2536666955988259,-0.43659542824028913
8.343,-0.04173407247222305,-0.0449588948779833,1,-0.05633124634521215,-0.25432723035884924,-0.44065937964795054
8.375,-0.04221038702413521,-0.0284357938454466,1,-0.014884829747254996,-0.25567034171079095,-0.4488193408010648
8.391,-0.042923587013411424,-0.0386244113292847,1,-0.044574999329763346,-0.2563514135030913,-0.45291551484277587
8.423,-0.043467623990284976,-0.0324019278100515,1,-0.017001155527298487,-0.25773367287915044,-0.46114087622489175
8.439,-0.0440325320244377,-0.0338016781353716,1,-0.03530675213454529,-0.25843367412726825,-0.4652702150009431
8.471,-0.04315186282527375,0.0249020803964598,1,0.027520912473873407,-0.25982862444486365,-0.4735624117780972
8.487,-0.042244933914822896,0.0268593977583866,1,0.05668305690317838,-0.26051179881878445,-0.4777251351642064
8.519,-0.041340612719865194,0.0276594103336183,1,0.028260037342428174,-0.2618491675649395,-0.486082910626346
8.535,-0.04037646890885352,0.0310164587867885,1,0.06025898818822964,-0.26250290421796924,-0.4902777272006093
8.567,-0.03928265498307395,0.0372970773032842,1,0.034181685180611536,-0.26377745020024007,-0.4986982128713007
8.599,-0.03813847735092739,0.0404558031901105,1,0.035755551004579986,-0.2650161883175841,-0.5071589110875858
8.615,-0.037123934584479504,0.0362849513286111,1,0.06340892290299273,-0.2656182876130674,-0.5114039868950311
8.647,-0.03629436272227915,0.0297156870209104,1,0.025924120693761037,-0.2667929803699755,-0.5199225671827598
8.679,-0.03538341655621079,0.033881605341699,1,0.028467067689636326,-0.2679398248384314,-0.5284782920660943
8.695,-0.03461067124549672,0.0291263164382411,1,0.04829658191962895,-0.26849977754084503,-0.5327698088851285
8.727,-0.033842748220937115,0.0297013480166226,1,0.02399759451748773,-0.26959503225230796,-0.5413793258418189
8.743,-0.03290468577410833,0.0374449873542184,1,0.05862890292679905,-0.27012901172426834,-0.5456971181936315
8.775,-0.032071265317886,0.0340927281861826,1,0.026044389256947856,-0.27116862694174027,-0.5543578804122877
8.807,-0.03134545689970837,0.0305140550825718,1,0.022681513068050788,-0.2721832944972218,-0.5630515111553112
8.823,-0.03061830751330519,0.0312948431979974,1,0.04544683665019872,-0.27267900461252587,-0.5674104095481891
8.855,-0.029902590799194623,0.0315532530204033,2,0.022366147315955213,-0.27364733898552585,-0.576151631045758
8.887,-0.029216875899647134,0.0310388953374277,2,0.021428590610859014,-0.2745932504527073,-0.5849234804767697
8.919,-0.028598915401548995,0.0289466797775519,2,0.019311265565566855,-0.2755183031135265,-0.5937252653338294
8.951,-0.02785593266271976,0.0346905521456249,2,0.02321821058841353,-0.2764215806825548,-0.6025563034745667
8.983,-0.027190228906746,0.0322650965873797,2,0.020803242374179964,-0.27730231926766624,-0.6114158858737703
8.999,-0.026633380006363207,0.0284677512641239,2,0.034803056273924646,-0.2777329081389711,-0.6158561676930234
9.031,-0.02574745817661661,0.0425165902684225,2,0.02768505717958109,-0.2785710015498988,-0.6247570302480454
9.047,-0.025184563525663405,0.03015839776764,2,0.035180915684575334,-0.27897845772351704,-0.6292174259222327
9.095,-0.024606394901152125,0.0313475253344744,2,0.01204517967731832,-0.2801734407257606,-0.6426370714850154
9.127,-0.023977526469024988,0.0340043860712358,2,0.019652138503973023,-0.28095078346768343,-0.6516150590721105
9.143,-0.023418639834531376,0.0317640008003884,2,0.034930414655850714,-0.2813299527981119,-0.6561133049622369
9.175,-0.022864048782677997,0.0321467685466324,2,0.01733097037041809,-0.28207047581598726,-0.6651277118200625
9.207,-0.022385954832939023,0.0295649784117952,2,0.014940435929342919,-0.28279447587383716,-0.6741655510470996
9.239,-0.02184790808278831,0.0325011371784154,2,0.016813960942209757,-0.2835022176804888,-0.6832262981439688
9.255,-0.021408552140747612,0.0289928607960556,2,0.02745974637754359,-0.2838482693622771,-0.6877651020403109
9.287,-0.02074521541145565,0.0386154290153982,2,0.020729272790373753,-0.2845227296431123,-0.6968590380243972
9.319,-0.020044868132886227,0.040796198265066,2,0.02188585245529451,-0.28517537097982176,-0.7059742076343641
9.351,-0.019425343756796373,0.0381828065419731,2,0.019360136752807903,-0.2858068943700567,-0.7151099238799622
9.367,-0.018295583995565023,0.0597219817088642,2,0.0706099850769593,-0.28610866179207556,-0.7196852483292593
9.399,-0.017263425167090674,0.0568501032270585,2,0.0322549633898252,-0.286677605938678,-0.7288498286129509
9.431,-0.015203489234042106,0.100021123343076,2,0.06437299790776768,-0.28719707656909615,-0.7380318235330753
9.447,-0.013169888856115836,0.1010013015161102,2,0.12710002362039177,-0.2874240635938174,-0.7426287926543786
9.479,-0.010932198988933342,0.1114025709535415,2,0.06992780834945286,-0.28780969699933817,-0.7518325328238692
9.511,-0.007735316435146404,0.1529671609715064,2,0.09990257980584172,-0.2881083772461234,-0.7610472220117965
9.527,-0.004323021277359597,0.1649959602892879,2,0.21326844736167525,-0.2882048439478235,-0.7656577277813481
9.559,-0.00014671238718638735,0.1997328184749172,2,0.13050965281791269,-0.2882763596864562,-0.7748814270394966
9.575,0.0044324027717801695,0.2204241843856175,2,0.28619469743540954,-0.28824207416337944,-0.7794935745102953
9.607,0.010442591165687833,0.2836773021771697,2,0.1878183873096143,-0.28800407426037994,-0.7887135128850755
9.639,0.016259997086731162,0.2817834091836395,2,0.18179393503260388,-0.28757683284834124,-0.797922807398815
9.655,0.022437667546888918,0.3023716612083742,2,0.3861044037598594,-0.28726725153127225,-0.802521560073852
9.687,0.029133828848414152,0.3298074561645988,2,0.2092550406726634,-0.2864421075889474,-0.8117009098197755
9.703,0.03509253781282466,0.3062680716444202,3,0.37241931027565656,-0.2859282966556575,-0.8162798730537323
9.735,0.04122756810143455,0.3194559549010052,3,0.19171969651905876,-0.2847071749610294,-0.8254100405995993
9.767,0.046983030906128334,0.3100287183490547,3,0.17985821264668067,-0.28329580537690835,-0.8344980882850064
9.799,0.05281937483397728,0.3191003072031099,3,0.18238574774527935,-0.2816989668850667,-0.843538004641198
9.815,0.05825237679542429,0.3083996305084799,3,0.33956262259043796,-0.28081039287203147,-0.8480380795192548
9.847,0.06359527835703706,0.3101385160767228,3,0.16696567380039884,-0.2788608303895921,-0.8569928190914408
9.863,0.06849966144836396,0.2975021603566151,3,0.30652394320793114,-0.2778040708711489,-0.8614461383015267
9.895,0.0734222683281038,0.3031537187728729,3,0.15383146499187006,-0.2755333199947254,-0.8702995365553807
9.911,0.07773672675315729,0.2831422390104716,3,0.2696536515658426,-0.27432404803407534,-0.8746983954996111
9.943,0.0817719036816175,0.2760061560752008,3,0.12609927901438153,-0.2717719099471189,-0.8834359308273103
9.975,0.0861673904057919,0.2948140346279428,3,0.1373589601304496,-0.26908488124172036,-0.8920896394863318
10.007,0.09062862483217478,0.3019051771426653,3,0.13941357582446492,-0.2662561449979129,-0.9006550959061659
10.023,0.09506238159866258,0.3052398275133496,3,0.2771097979054873,-0.2647706169464662,-0.904903310001721
10.039,0.0994465396838309,0.3076400383457383,3,0.2740098803230195,-0.26321454557620627,-0.9091271913019023
10.087,0.10411780083890788,0.3237954222971612,3,0.09731794073077052,-0.25832900140366055,-0.9216442364294192
10.103,0.10846404113488377,0.3151408282290933,3,0.2716400184984925,-0.2566283466678702,-0.9257638952139914
10.135,0.1126018484812993,0.3109413175930957,3,0.12930647957548516,-0.2530912924340113,-0.9339194094396215
10.167,0.11675198816388933,0.3155847507226656,3,0.12969186508093855,-0.24942163104768827,-0.9419596162153286
10.183,0.12030460944994463,0.2952366361473312,3,0.22203883037845581,-0.2475251782667776,-0.9459351906898443
10.215,0.12388973560414408,0.3001219570272974,3,0.1120351923187328,-0.2436180687459122,-0.9537934826420473
10.231,0.12666095068566202,0.2703367292015547,3,0.173200942594871,-0.24161366325559375,-0.9576753364980594
10.263,0.1287911339068224,0.2468256380084116,3,0.06656822566126168,-0.23752642990211398,-0.9653415779885827
10.295,0.13026813093756084,0.2221751874222723,3,0.046156157210576435,-0.23338148166460382,-0.9728761045736501
10.311,0.13169285109010465,0.2215088324470331,3,0.0890450095339875,-0.2312857938083825,-0.9765934427774341
10.343,0.13277711226940198,0.2089747346964686,3,0.033883161853041535,-0.22705427439463038,-0.9839268838686823
10.359,0.13382575363398935,0.2085985834726592,3,0.06554008528671101,-0.22492145146740325,-0.9875426896755786
10.391,0.13458931033864696,0.197958753780126,3,0.023861147020550248,-0.22062681044384105,-0.9946714618661585
10.407,0.13522909335655486,0.1936475893280451,3,0.03998643861924386,-0.21846826321427942,-0.9981842224554235
10.439,0.13551138807119567,0.1796303519120019,3,0.008821709832525218,-0.21413641551143542,-1.0051058973150349
10.471,0.13554874465120892,0.1698701831069141,3,0.0011673931254140002,-0.20979945338787695,-1.0118888712174239
10.487,0.13562546836309392,0.1715215920936685,3,0.004795231992812256,-0.20763005968376252,-1.015228307321997
10.519,0.1354283112773884,0.1603692031043444,3,-0.00616115892829692,-0.2032931992095148,-1.0218030794642894
10.551,0.13512532942932848,0.1558332307621051,3,-0.009468182751872977,-0.19896434095820734,-1.028239200106973
10.567,0.13484115937478153,0.1563015324480775,3,-0.017760628409184392,-0.19680460904777444,-1.0314053517070207
10.599,0.13432318964069384,0.1464315755323608,3,-0.01618655419024019,-0.19249797946352684,-1.0376341931232016
10.631,0.13312855771532572,0.1181704559557775,3,-0.03733224766775362,-0.18821875150583053,-1.0437256608187113
10.647,0.13174614287727215,0.1092767246103028,3,-0.08640092737834801,-0.18609975390108974,-1.0467202088619667
10.679,0.1300075531445115,0.0932911390892622,3,-0.05433092914877003,-0.1819116947647412,-1.05260839204062
10.695,0.12819555731707938,0.0885428994749683,3,-0.11324973921450825,-0.17984606988104848,-1.0555024541577862
10.727,0.12614924215131995,0.077123810776118,3,-0.06394734892998204,-0.1757765530895541,-1.061192416125316
10.743,0.12388879170463339,0.0662979490923454,3,-0.14127815291790988,-0.17377624881870646,-1.063988838540582
10.791,0.12160404848271301,0.063041494861072,3,-0.04759881712334114,-0.16788442065421014,-1.072188694607932
10.807,0.11918392044857894,0.0552059743383906,3,-0.15125800213337975,-0.1659581169027598,-1.0748594349083878
10.839,0.11690471299719048,0.0585635901968271,3,-0.0712252328558893,-0.16218069876762747,-1.080109655959114
10.855,0.11458566046969575,0.0546507346250817,3,-0.14494078296842053,-0.16032877577989238,-1.082689731755494
10.887,0.11236071066029331,0.0561898935393703,3,-0.06952968154382612,-0.15669763384181254,-1.0877621543094413
10.919,0.11005850248720724,0.0507973508189392,3,-0.07194400540893972,-0.15313892643145252,-1.0927195392738136
10.951,0.1078913650267652,0.0540330418642589,3,-0.06772304563881341,-0.14965172855122896,-1.0975641897535364
10.983,0.10551776958072635,0.0434011269943473,3,-0.07417485768871403,-0.1462371823975091,-1.1022984123287163
10.999,0.10323451459417878,0.0447314903874507,3,-0.1427034366592235,-0.14456716412410986,-1.1046248471008893
11.031,0.10080606383296616,0.0364952086396369,3,-0.07588908628789429,-0.14130251486927553,-1.1091987619647834
11.047,0.09848812350348733,0.0385976855795092,3,-0.14487127059242635,-0.1397081613705839,-1.1114468473747023
11.079,0.09607102197036825,0.0322141359007802,3,-0.07553442290997123,-0.1365952150430022,-1.1158677013973197
11.095,0.09377688302986019,0.0348385006647128,3,-0.1433836837817537,-0.13507643180300039,-1.1180410745720877
11.127,0.0914897193555346,0.0328303476376858,3,-0.07147386482267463,-0.13211216616483407,-1.122316092139573
11.159,0.08925340521298851,0.0326280147663201,3,-0.06988481695456522,-0.1292202761717377,-1.1264974112169581
11.191,0.08714360923337373,0.0355789453039571,3,-0.06593112436296168,-0.1263979239405959,-1.1305873024187554
11.223,0.08505182222528208,0.0342075171567905,3,-0.06536834400286401,-0.12364279703725742,-1.134587953954401
11.255,0.08303288532429015,0.0351025845397879,3,-0.06309177815599784,-0.12095344171646427,-1.1385014937744606
11.271,0.08102253487408793,0.0334356921211744,3,-0.12564690313763843,-0.11964099835487724,-1.1404262492950314
11.303,0.07913113252733955,0.0363022139125793,3,-0.059106323335886835,-0.1170785396764544,-1.1442137619035329
11.319,0.07716198839165771,0.0312233982195585,3,-0.12307150848011532,-0.11582819470910241,-1.1460770157786173
11.351,0.07534803575911098,0.0356171057124165,3,-0.05668601976708529,-0.11338803432269012,-1.149744475443126
11.383,0.07345940228025573,0.0307412383812205,3,-0.05901979621422972,-0.11100711531406038,-1.1533347978373139
11.415,0.07165826065393407,0.0324397708562431,3,-0.05628567582255162,-0.10868523270711333,-1.1568498754056527
11.431,0.0698317008471184,0.0295964838296664,3,-0.1141599879259796,-0.1075533130151049,-1.1585797837714304
11.463,0.06815417078491268,0.0338801435518587,3,-0.0524228144439288,-0.1053455390689924,-1.161986165404776
11.495,0.06647080062944989,0.0319631696661133,3,-0.052605317358211987,-0.10319153952636259,-1.1653227586623018
11.511,0.06486003826729163,0.0332567190361363,3,-0.10067264763489138,-0.10214089281518866,-1.1669654181210343
11.543,0.063306559789332,0.033994595926122,3,-0.048546202436238306,-0.10009022724628268,-1.1702011160420178
11.559,0.06181741507126523,0.0350788016037697,3,-0.09307154487917307,-0.0990892354473979,-1.1717945517435673
11.591,0.06039394942876214,0.0362824989838136,3,-0.04448330132822156,-0.09713385361539745,-1.174934121168572
11.607,0.05901326060041663,0.0366128827217716,3,-0.08629305177159419,-0.09617859593516402,-1.1764806207649765
11.623,0.057529186954249245,0.0309934163627288,3,-0.09275460288546154,-0.0952462563547267,-1.1780120195832957
11.655,0.056173261310817235,0.0347634108287119,3,-0.042372676357250276,-0.09342701718248562,-1.181030791959891
11.671,0.054759749548954684,0.0310464543296275,3,-0.08834448511640938,-0.09253955309560745,-1.1825185245221157
11.703,0.05353745874366231,0.0374730017871424,3,-0.038196587665386694,-0.09080679776292558,-1.1854520661358523
11.735,0.052225730509290136,0.0325837763895779,3,-0.04099150732413036,-0.08911458673487833,-1.1883308082878172
11.751,0.051033177383652484,0.0361582276133214,3,-0.07453457035235318,-0.08828851547173479,-1.1897500331054702
11.783,0.049782387037932155,0.032577948464294,3,-0.03908719830376024,-0.08667546644098943,-1.1925494568160737
11.815,0.048567988697643436,0.0328192303412697,3,-0.03794994813402244,-0.08510186042922022,-1.195297894045997
11.831,0.04738723514605357,0.032984268337634,3,-0.07379709697436641,-0.08433421863847064,-1.1966533826785386
11.847,0.04643603848425924,0.0412153472676614,3,-0.05944979136214551,-0.08358363244942814,-1.197996725487242
11.879,0.04530716456091001,0.0329793828821155,3,-0.03527731010466349,-0.08211574120070543,-1.200647915465644
11.911,0.0442328353595096,0.0340868425586681,3,-0.03357278754376276,-0.08068310120197872,-1.2032526969440869
11.943,0.043203028594747686,0.034837933259446,3,-0.032181461398809806,-0.0792841273787106,-1.205812172601378
11.959,0.042250786877276944,0.0369882934336225,3,-0.05951510734192132,-0.0786004968549344,-1.207075249595247
11.991,0.04124879859105858,0.033996442397499,0,-0.03131213394432384,-0.07676450348744104,-1.209561089600725
12.007,0.04028816987078955,0.0346901963152034,0,-0.06003929501681432,-0.07561220773974625,-1.2107801032905425
12.039,0.039343933792801614,0.0344016659284589,0,-0.029507377437122992,-0.07383809408112879,-1.2131713081196764
12.071,0.0383521228508279,0.0315068604270542,0,-0.03099409193667863,-0.07209495717483072,-1.2155062369397718
12.087,0.03742579587156196,0.0331998919560993,0,-0.057895436204121034,-0.0709887338250516,-1.2166509064677709
12.119,0.036484289790197896,0.0316512217908106,0,-0.02942206504262694,-0.06930617245446344,-1.218895624968243
12.135,0.03558707528283345,0.0325256702434306,0,-0.05607590671027804,-0.06822960153387919,-1.2199959111601497
12.167,0.0347028124076232,0.0321594726543882,0,-0.027633214850320234,-0.06660496333083188,-1.222153264197985
12.199,0.033903363255516156,0.0347525724264099,0,-0.02498278600334507,-0.06500726452022165,-1.2242590598436018
12.231,0.033011642235301744,0.0301699766819004,0,-0.027866281881700337,-0.06343662443236857,-1.2263141620668432
12.247,0.032250776278287555,0.0346433132528948,0,-0.04755412231338681,-0.06241452508425985,-1.2273209712629762
12.279,0.031373879216755995,0.0291251720106689,0,-0.027403033172861198,-0.06089653059633915,-1.2292939481538658
12.295,0.03065280764134673,0.0346371198801509,0,-0.04506697346307906,-0.059900317101474324,-1.2302603229354483
12.327,0.029834109180738935,0.0299133460116027,0,-0.025584326893993557,-0.058432526432320955,-1.232153648431989
12.359,0.029120980234264383,0.0334229976304571,0,-0.022285279577329727,-0.0569892450016809,-1.2340003967749331
12.391,0.028486020137442426,0.0359147915197389,0,-0.01984250302568614,-0.055567532995733596,-1.2358013052228918
12.407,0.027844030101436996,0.0349916039163951,0,-0.04012437725033933,-0.05461689259382256,-1.2366827806276082
12.439,0.02723430182398582,0.0356723459811139,0,-0.019054008670349263,-0.05323563928301579,-1.2384084211376376
12.471,0.026549011733537048,0.0319645833707614,0,-0.021415315326524093,-0.05187510626609543,-1.2400901930664234
12.487,0.025975376142528435,0.0358571277573591,0,-0.03585222443803828,-0.0509549111630869,-1.240912833205857
12.519,0.025332600576002243,0.0324487531701294,0,-0.020086736453943488,-0.0496339835355904,-1.2425222555210358
12.535,0.02480927265251335,0.0367033309681328,0,-0.03270799521805581,-0.04873284854976227,-1.2433091901777187
12.567,0.024159267397082594,0.0309862324350273,0,-0.020312664232211078,-0.047449351908968734,-1.2448481053850584
12.583,0.023548204092002353,0.0319328471439679,0,-0.03819145656751502,-0.046567692137056055,-1.2456002417374266
12.615,0.022943958482593126,0.0316013093613991,0,-0.01888267529403835,-0.04532381753586252,-1.2470705058921934
12.647,0.022420433775275167,0.0343066207377319,0,-0.01636014710368619,-0.044097987259736626,-1.248501254768923
12.663,0.021908329935945138,0.0342513516179191,0,-0.03200648995812678,-0.04324335715004686,-1.2491999855242013
12.695,0.021483183742844268,0.0373045112739846,0,-0.013285818534402171,-0.04204909293118622,-1.250564664725501
12.711,0.020930620375744967,0.031655260946948,0,-0.034535210443706305,-0.04120978249823751,-1.2512307357289365
12.743,0.020477263024617748,0.035170144234704,0,-0.014167417222725583,-0.040047256363831704,-1.2525308483507296
12.759,0.020084745417409393,0.0372112163842503,0,-0.024532350450522166,-0.039222760296295484,-1.2531650084840107
12.791,0.01966288125588201,0.0356154900499617,0,-0.013183255047730697,-0.038086798269522826,-1.2544019614210637
12.823,0.019142602733242156,0.0311586370828231,0,-0.016258703832495423,-0.03696591052569684,-1.2556028047617873
12.839,0.01877828997645284,0.0370329549600555,0,-0.02276954729933231,-0.03616254338401928,-1.256187832393065
12.871,0.01829413625719553,0.0317551627420783,0,-0.015129803726790847,-0.03506938456428091,-1.257327543240238
12.903,0.017961021487152437,0.0374636059406038,0,-0.010409836563846685,-0.033989302040371344,-1.2584324822259125
12.935,0.017522627350523026,0.0328140371405218,0,-0.013699816769669077,-0.03292156365896853,-1.259503056077102
12.967,0.01707904778881436,0.0321630405756428,0,-0.013861861303395775,-0.03186793685673914,-1.2605396880853532
12.983,0.016640202704789483,0.0319135745989696,0,-0.027427817751554822,-0.031098182852790313,-1.2610434170430294
13.015,0.01617206764959183,0.0302738406968608,0,-0.014629220474926659,-0.03007318652712021,-1.262022158953108
13.047,0.0158461839971328,0.0356380131539466,0,-0.010183864139344688,-0.02906089450077262,-1.2629683042495543
13.079,0.01539698788007298,0.0302563184528554,0,-0.014037378658119335,-0.028061003750737334,-1.2638822546215784
13.111,0.014992392857507565,0.0316357672100662,0,-0.012643594455169223,-0.02707477365893604,-1.2647644270601333
13.143,0.014719294802207648,0.036622547845386,0,-0.008534314228122394,-0.02609938665638059,-1.2656152136251784
13.175,0.014362124201438627,0.0329024754258529,0,-0.011161581274031919,-0.02513408395232225,-1.2664349491549176
13.191,0.014109176813108672,0.0368184565350856,0,-0.015809211770622167,-0.024406313544205874,-1.2668312723348898
13.223,0.013723995616663626,0.031143923014037,0,-0.012036912388907679,-0.023460982785329515,-1.2675971490761624
13.255,0.013522700159555985,0.0382980571304256,0,-0.006290483034613763,-0.022525035652910003,-1.2683329253711741
13.287,0.013248222119259682,0.0350962757625828,0,-0.00857743875925945,-0.021596700896448953,-1.2690388731559639
13.319,0.012907321494997272,0.0320984717796759,0,-0.010653144508200327,-0.020678212198620843,-1.269715271765485
13.335,0.012603363566994853,0.033272221702073,0,-0.01899737050015114,-0.0199741267181249,-1.270040490476819
13.367,0.012236713147951502,0.0303978716413925,0,-0.01145782559510473,-0.019076685490685766,-1.27066530347216
13.399,0.011986845495998669,0.0348193146730604,0,-0.007808364123526453,-0.01818910855238258,-1.271261556176849
13.431,0.011649811064201473,0.030995609047489,0,-0.01053232599366234,-0.01731092204741938,-1.271829556666446
13.447,0.011494522369014076,0.0381101498166933,0,-0.009705543449212315,-0.01662576737995365,-1.2721010501818648
13.479,0.01122873583679626,0.0334244498032588,0,-0.008305829131806726,-0.015762195248660682,-1.2726192575839226
13.495,0.011082035929316038,0.0380412148852825,0,-0.009168744217513932,-0.015083709074531784,-1.2728660248185082
13.527,0.010795219564121251,0.032149740211505,0,-0.008963011412337065,-0.014233672986636789,-1.273335102931487
13.543,0.010623472886760806,0.0365807810475181,0,-0.01073416733502786,-0.013562323447029734,-1.2735574709029562
13.575,0.010371503122651747,0.0331198878134646,0,-0.00787405512840807,-0.012726403830879134,-1.2739780905394027
13.591,0.010243441474521102,0.0379481508044704,0,-0.008003853008165314,-0.012061484274101753,-1.2741763936442425
13.623,0.009942922665128764,0.0307493455446104,0,-0.009391212793510538,-0.011238502447867352,-1.274549193431794
13.655,0.00976096284181504,0.0353097451644414,0,-0.005686244478553905,-0.010423240279756253,-1.274895781315436
13.687,0.009577209222074771,0.0350542396876391,0,-0.005742300616883364,-0.009613829526734015,-1.27521637443234
13.703,0.009422775628001555,0.0360726071202479,0,-0.009652099629576033,-0.008961829647933406,-1.2753649797057374
13.735,0.009178668154272457,0.0322415444602836,0,-0.0076283585540343046,-0.008164206547417022,-1.2756389962848629
13.751,0.009040494425613298,0.036340720534422,0,-0.008635858041197441,-0.007518453246777933,-1.2757644575632165
13.767,0.008787164307771496,0.0314811348492748,0,-0.0158331323651126,-0.006875831976910857,-1.275879611845006
13.815,0.008536790561734502,0.0313490159754299,0,-0.005216119709104042,-0.005960057060042712,-1.2761876731818929
13.831,0.008312377750971899,0.0321630405756429,0,-0.014025800672662682,-0.005325263713541063,-1.2762779557480814
13.863,0.008139642663531635,0.0340574144210961,0,-0.005397971482508233,-0.004562031386909006,-1.2764361524696886
13.895,0.008017696178645416,0.0359670120383717,0,-0.0038108276526943475,-0.003803513965434172,-1.276570001195326
13.911,0.0079068372602683,0.0362996557803588,0,-0.006928682398569732,-0.0031761176979228653,-1.2766258382486328
13.943,0.007808841563513663,0.0367161889485035,0,-0.0030623655235823928,-0.002424666836742356,-1.2767154508011875
13.959,0.007665041976865503,0.0347402337661142,0,-0.00898747416551003,-0.0018008757684193238,-1.2767492551420287
13.991,0.0075786151985356015,0.0369487193205149,0,-0.0027008368228094064,-0.0010569772536129047,-1.2767949807903813
14.007,0.007509103111150453,0.0375557948709195,0,-0.004344505461571776,-0.00043627550713541295,-1.2768069268124673
14.039,0.007430292289118859,0.0371050346630302,0,-0.0024628381884873158,0.0,-1.2768139072205815
14.071,0.007197626659333253,0.030718176723084,0,-0.007270800930800168,0.0,-1.2768139072205815
14.103,0.007129096681336891,0.0372150728166577,0,-0.0021415618123863164,0.0,-1.2768139072205815
14.119,0.006945101699987834,0.0324124777012008,0,-0.011499686334316077,0.0,-1.2768139072205815
14.151,0.006898998908799289,0.0378820625164328,0,-0.001440712224642014,0.00010012829268604305,-1.2768123051678986
14.183,0.006713361302844771,0.032115032319839,0,-0.005801175186078686,0.0,-1.2768107031152156
14.215,0.006514386269855184,0.0313825602054467,0,-0.006217969780924598,2.957001723554939e-05,-1.2768102299949398
14.247,0.006454519784758708,0.0368870356360747,0,-0.00187082765926486,0.0,-1.276809756874664
14.279,0.006249206862763798,0.0308638652381427,0,-0.006416028812340936,0.0,-1.276809756874664
14.311,0.0061349508452624435,0.0343918854003834,0,-0.0035705005469173286,0.0001384786637981558,-1.2768075412160431
14.327,0.0059071721589689305,0.0296231999624035,0,-0.01423616789334455,0.0,-1.2768064333867328
14.359,0.005809194853633723,0.0347172778954004,0,-0.003061790791725235,0.0,-1.2768064333867328
14.375,0.005650383420713188,0.032125101359067,0,-0.009925714557533398,1.3954146228425252e-05,-1.276806321753563
14.407,0.005531577588976128,0.0336065195746688,0,-0.0037126822417831457,0.0,-1.2768060984872234
14.439,0.005452223823495139,0.0351052484594308,0,-0.0024798051712808847,0.0,-1.2768060984872234
14.455,0.005400976291998705,0.0361782502873165,0,-0.003202970718527151,0.0,-1.2768060984872234
14.471,0.005242524543264196,0.0317316298490592,0,-0.009903234295906794,4.057995258904476e-05,-1.2768057738476026
14.503,0.005223981738782628,0.0373094448146952,0,-0.0005794626400490004,0.0,-1.2768051245683611
14.535,0.00517278935157562,0.0359522691184704,0,-0.0015997621002189993,0.0,-1.2768051245683611
14.567,0.005019694612432957,0.0317230803019017,0,-0.0047842105982082205,3.747213397166729e-05,-1.2768045250142177
14.583,0.004887507810883089,0.0324272110040636,0,-0.008261675096866716,0.0,-1.2768042252371459
14.615,0.004717074766053576,0.0307269282280482,0,-0.005326032650922268,0.0,-1.2768042252371459
14.631,0.004567792635334349,0.0314236826617403,0,-0.009330133169951722,0.0,-1.2768042252371459
14.663,0.004419515056294461,0.0313155871498742,0,-0.004633674344996486,0.0,-1.2768042252371459
14.695,0.004307344346915501,0.0326476912269322,0,-0.003505334668092499,0.00012810868731770063,-1.276802175498149
14.711,0.004217623499014958,0.0334559648381685,0,-0.005607552993783927,0.0,-1.2768011506286503
14.743,0.004231848613461757,0.037628028446509,0,0.0004445348264624657,0.0,-1.2768011506286503
14.759,0.0041270034963273375,0.0327603740661257,0,-0.00655281982090121,0.0,-1.2768011506286503
14.791,0.0040986905404014895,0.0357933475585428,0,-0.0008847798726827487,2.99819053507476e-05,-1.2768006709181647
14.823,0.00397314487897988,0.0317784936772908,0,-0.003923301919425299,0.0,-1.2768001912076792
14.839,0.0039580095044733435,0.036179769779387,0,-0.0009459609066585209,0.0,-1.2768001912076792
14.871,0.003837970022510559,0.0318635659991741,0,-0.003751233811337013,0.0,-1.2768001912076792
14.887,0.003760675686601829,0.0334960775054277,0,-0.004830895994295619,0.0,-1.2768001912076792
14.919,0.0036839065884281402,0.0334403179166556,0,-0.0023990343179277718,2.7218661633594127e-05,-1.276799755709093
14.951,0.0036185610338078447,0.0338319141041712,0,-0.002042048581884233,0.0,-1.276799320210507
14.967,0.003531762627028534,0.0328870016110314,0,-0.005424900423706911,0.0,-1.276799320210507
14.999,0.0034553474509277093,0.0332259156620699,0,-0.00238797425315077,0.0,-1.276799320210507
15.015,0.0033600741565528378,0.032376317636733,0,-0.005954580898429469,0.0,-1.276799320210507
15.047,0.003419322678326127,0.0386164388044327,0,0.0018515163054152826,0.0,-1.276799320210507
15.079,0.003291839795283087,0.0310196997287368,0,-0.003983840095094986,8.3426815919007e-05,-1.2767979853814524
15.111,0.003276987664584473,0.0355100776918153,0,-0.00046412908433169807,0.0,-1.2767966505523978
15.127,0.003173025546733717,0.0318417160878787,0,-0.0064976323656722465,0.0,-1.2767966505523978
15.159,0.0031164416985235213,0.0336802630252907,0,-0.0017682452565686067,0.0,-1.2767966505523978
15.175,0.0029944182920904894,0.0309406572899444,0,-0.00762646290206449,0.0,-1.2767966505523978
15.207,0.003031732382952311,0.0373514712726004,0,0.001166065339431925,0.0,-1.2767966505523978
15.223,0.0029514064036011353,0.0325655424847293,0,-0.005020373709448476,3.3930037909576244e-05,-1.2767963791120944
15.255,0.0029211813160102545,0.0345393530675502,0,-0.0009445339872150233,0.0,-1.276795836231488
15.287,0.002895712644052452,0.0347041410209155,0,-0.0007958959986813309,0.0,-1.276795836231488
15.303,0.002912397864294494,0.0364069819291512,0,0.0010428262651276414,0.0,-1.276795836231488
15.319,0.002786345366667442,0.0305714207167604,0,-0.007878281101690754,0.0,-1.276795836231488
15.351,0.002786634531145908,0.0356253763654597,0,9.036389952065882e-06,0.0,-1.276795836231488
15.367,0.0027292859536821035,0.0332625181103049,0,-0.003584286091487789,0.0,-1.276795836231488
15.415,0.0026870584630290795,0.0338251340920834,0,-0.0008797393886046985,7.630388294353405e-05,-1.2767940049382973
15.431,0.002595166452343929,0.0317466612801131,0,-0.005743250667821892,0.0,-1.2767933945072338
15.463,0.002506442933453132,0.0317846774329963,0,-0.002772609965337412,0.0,-1.2767933945072338
15.495,0.0025707191444997446,0.0379689428415395,0,0.0020086315952066464,0.0,-1.2767933945072338
15.511,0.0025464551351434897,0.0344030700160685,0,-0.0015165005847659293,0.0,-1.2767933945072338
15.543,0.002601630448736472,0.037635818247631,0,0.0017242285497807016,0.0,-1.2767933945072338
15.575,0.002555229137479624,0.0335263519423809,0,-0.0014500409767765035,0.0,-1.2767933945072338
15.591,0.002589205838616361,0.0367754491392612,0,0.0021235438210460613,2.839402245397374e-05,-1.276793167355054
15.623,0.002472493406486767,0.030631171376478,0,-0.003647263504049809,0.0,-1.2767927130506949
15.639,0.002456073785509133,0.034626464201579,0,-0.0010262263111021274,0.0,-1.2767927130506949
15.671,0.0023418984577162003,0.0306020606011738,0,-0.003567978993529146,0.0,-1.2767927130506949
15.703,0.00237707695449485,0.0366113920808161,0,0.001099328024332804,0.0,-1.2767927130506949
15.735,0.0023120604691124896,0.0325385763089932,0,-0.00203176516819876,0.0,-1.2767927130506949
15.767,0.0022664111865852016,0.0332676151406688,0,-0.0014265400789777506,0.0,-1.2767927130506949
15.783,0.0022287915937517153,0.0335511831355874,0,-0.0023512245520928925,0.0,-1.2767927130506949
15.815,0.002197373528171183,0.0337678261601252,0,-0.0009818145493916365,5.6142919860908275e-05,-1.2767918147639772
15.847,0.0022473904134065886,0.037075241077998,0,0.0015630276636064287,0.0,-1.2767909164772595
15.863,0.002274145122548067,0.0361715087433824,0,0.0016721693213424072,0.0,-1.2767909164772595
15.895,0.002314107541231729,0.0367397795437531,0,0.0012488255838644265,0.0,-1.2767909164772595
15.911,0.002330106557395066,0.0357972424591037,0,0.0009999385102085747,0.0,-1.2767909164772595
15.943,0.002322311938808566,0.0348377024505237,0,-0.00024358183082812276,0.0,-1.2767909164772595
15.959,0.0023202428594492133,0.0350646549402504,0,-0.00012931745995954983,0.0,-1.2767909164772595
15.991,0.0023181569261711346,0.0350618948502232,0,-6.518541493995966e-05,0.0,-1.2767909164772595
16.007,0.0023138691367045328,0.0349695328132158,0,-0.00026798684166258593,0.0,-1.2767909164772595
16.039,0.0022727640059085966,0.0334557340292464,0,-0.001284535337373005,7.023305230334162e-05,-1.2767897927484226
16.055,0.0022453329429283422,0.0339752656788932,0,-0.0017144414362660844,0.0,-1.2767892308840043
16.087,0.0022082591194569,0.0335524814357743,0,-0.0011585569834825736,0.0,-1.2767892308840043
16.119,0.0021714787363615526,0.0335274386677228,0,-0.0011493869717296007,0.0,-1.2767892308840043
16.151,0.0022204754168955038,0.0370075178934286,0,0.001531146266685973,0.0,-1.2767892308840043
16.167,0.0021285609568042763,0.0312791578083306,0,-0.005744653755701076,0.0,-1.2767892308840043
16.199,0.0021747024750309873,0.0368475384592745,0,0.0014419224445847202,0.0,-1.2767892308840043
16.231,0.0020687885548134125,0.0306594070012856,0,-0.0033098100067992125,0.0,-1.2767892308840043
16.247,0.002110697933624117,0.0366142483412275,0,0.0026193361756693336,2.2958627321382347e-05,-1.2767890472149857
16.263,0.0021670809961050266,0.0372495787505167,0,0.003523941405056447,0.0,-1.276788863545967
16.295,0.002145687355723104,0.0341171169956214,0,-0.0006685512619350806,0.0,-1.276788863545967
16.327,0.0020616536178336697,0.0315274793574316,0,-0.0026260543090448197,0.0,-1.276788863545967
16.359,0.0020706246179620844,0.0352566398782738,0,0.0002803437540129566,0.0,-1.276788863545967
16.375,0.002021931427970261,0.0329013790834726,0,-0.0030433243744892925,0.0,-1.276788863545967
16.391,0.002025903068690091,0.0350119439526582,0,0.00024822754498939016,0.0,-1.276788863545967
16.423,0.0019427774193181355,0.0314449266996151,0,-0.0025976765428736034,0.0,-1.276788863545967
16.455,0.0020112056418837843,0.037575509799685,0,0.002138381955176523,0.0,-1.276788863545967
16.487,0.001964074050367151,0.032905985644877,0,-0.0014728622348947847,1.5109275942230133e-05,-1.276788621797552
16.503,0.0019359804050142482,0.0336394098460731,0,-0.0017558528345562366,0.0,-1.2767885009233444
16.535,0.0019512641151371857,0.0353897877752298,0,0.0004776159413417964,0.0,-1.2767885009233444
16.551,0.001971671306581761,0.03561513421954,0,0.0012754494652861114,0.0,-1.2767885009233444
16.567,0.0018896026244677525,0.0314340305950826,0,-0.005129292632124973,0.0,-1.2767885009233444
16.599,0.0019542014426463805,0.0373653294249668,0,0.002018713068082125,0.0,-1.2767885009233444
16.631,0.0018844926612090612,0.0319233166588914,0,-0.002178399419916226,0.0,-1.2767885009233444
16.647,0.0019632236809427883,0.0379396397254668,0,0.004920688733358485,0.0,-1.2767885009233444
16.663,0.0019448909597339775,0.0340387573665568,0,-0.0011457950755505467,0.0,-1.2767885009233444
16.695,0.001972582634207111,0.0359074248683075,0,0.0008653648272854186,0.0,-1.2767885009233444
16.711,0.001974834793486563,0.03489209641984,0,0.0001407599549657616,0.0,-1.2767885009233444
16.743,0.0019844181421220866,0.0351949273427183,0,0.0002994796448601165,1.3352881222328944e-05,-1.276788287277245
16.759,0.0020007874849094914,0.0354827364515809,0,0.0010230839242126866,0.0,-1.2767881804541952
16.791,0.001986361869971663,0.0342365125276336,0,-0.0004508004668071337,0.0,-1.2767881804541952
16.823,0.001958592029215847,0.0336749736541584,0,-0.0008678075236192513,0.0,-1.2767881804541952
16.855,0.0020101394321994093,0.0368992108067171,0,0.0016108563432363171,0.0,-1.2767881804541952
16.871,0.002007831418139344,0.0347426861109118,0,-0.00014425087875408394,0.0,-1.2767881804541952
16.903,0.0028394020264388697,0.068929401613595,0,0.02598658150936015,0.0,-1.2767881804541952
16.935,0.0051748753756835075,0.1314209846006441,0,0.07298354216389487,0.0,-1.2767881804541952
16.967,0.009310170555563664,0.2075491530059451,0,0.12922797437125477,0.00020533655693619549,-1.2767848950692842
16.983,0.014587262522024011,0.258498116435613,0,0.32981824790373476,0.0,-1.2767832523768288
17.015,0.020735425909532222,0.2994891366650357,0,0.19213010585963142,0.00046167903646181533,-1.2767758655122454
17.031,0.0258780894535185,0.2644118064681446,0,0.3214164714991778,0.00033458715936618075,-1.2767694953826787
17.047,0.02649705574116471,0.0840828825021883,0,0.038685392977883856,0.0002535883209236929,-1.2767647899788364
17.079,0.026682713831457726,0.0669362126983533,0,0.005801815321656694,0.0006044646340856541,-1.2767510611315562
17.095,0.024310461568622384,-0.0377524536896161,0,-0.14826576642722522,0.0005124100372862514,-1.2767421261341854
17.127,0.02210792536008873,-0.0331663477260825,0,-0.06882925651667661,0.0007551042281456299,-1.2767218459059384
17.159,0.02136106076663244,0.0243136522835559,0,-0.023339518545509072,0.0009506080061731674,-1.2766945545101893
17.191,0.021137158656811927,0.0450082495191664,0,-0.006996940931890989,0.001130579516948278,-1.2766612555098193
17.207,0.020971155531586128,0.0471582057777293,0,-0.01037519532661133,0.0009674460304554986,-1.2766444713054401
17.239,0.020655926312070805,0.0408739327866332,0,-0.009850913109853828,0.0011334793399540117,-1.2766108564995136
17.271,0.02028599847448803,0.0383160602263521,0,-0.011560244924461647,0.0012885501365389558,-1.2765721040278897
17.287,0.0199421341900506,0.0390147380677286,0,-0.021491517777341818,0.0011103751978552316,-1.2765529126252144
17.303,0.01925925446184327,0.0247712405887252,0,-0.042679983012953476,0.000923986307070415,-1.276536637733175
17.335,0.018836595204835452,0.0347574001796979,0,-0.013208101781494258,0.0010335199017372744,-1.2765053176338341
17.367,0.018433795602156536,0.0351489867501751,0,-0.012587487583716115,0.0011298461546491471,-1.2764707037769318
17.383,0.017985299575285725,0.0328726337556285,0,-0.02803100167942876,0.0009211989160686522,-1.276454295416366
17.415,0.017529001213633738,0.0321042420027292,0,-0.01425932380162458,0.000989427728691361,-1.27642372539005
17.447,0.017071544789077867,0.0316004630620181,0,-0.014295513267370974,0.0010430364647347435,-1.276391205962955
17.463,0.016657915386935854,0.0329399145564305,0,-0.025851837633872908,0.0008128721461428848,-1.276376358694068
